00000000000000000000000000000000000000000000000000000000000000000000000000000000000000000000000000000000000000000000000000000000000000000000000000000000000000000000000000000000000000000000000000000000000000000000000000000000000000000000000000000000000000000000000000000000000000000000000000000000000000000000000000000000
00000000000000000000000000000000000000000000000000000000000000000000000000000000000000000000000000000000000000000000000000000000000000000000000000000000000000000000000000000000000000000000000000000000000000000000000000000000000000000000000000000000000000000000000000000000000000000000000000000000000000000000000000000000
00000000000000000000000000000000000000000000000000000000000000000000000000000000000000000000000000000000000000000000000000000000000000000000000000000000000000000000000000000000000000000000000000000000000000000000000000000000000000000000000000000000000000000000000000000000000000000000000000000000000000000000000000000000
00001111111110000001111111100011110000000111100000001111000011111110111111111101111000011111110000000000000000000000000000000000000000000000000000000000000000000000000000000000000000000000000000000000000000000000000000000000000000000000000000000000000000000000000000000000000000000000000000000000000000000000000000000000
00001222222221100012222222210012210000000122100000001221001122222210122222222101221001122222210000000000000000000000000000000000000000000000000000000000000000000000000000000000000000000000000000000000000000000000000000000000000000000000000000000000000000000000000000000000000000000000000000000000000000000000000000000000
00001222222222210012222222210012210000000122100000001221012222222210122222222101221012222222210000000000000000000000000000000000000000000000000000000000000000000000000000000000000000000000000000000000000000000000000000000000000000000000000000000000000000000000000000000000000000000000000000000000000000000000000000000000
00001122111112210122211112221012210000000122100000001221012221111110111122111101221012221111110000000000000000000000000000000000000000000000000000000000000000000000000000000000000000000000000000000000000000000000000000000000000000000000000000000000000000000000000000000000000000000000000000000000000000000000000000000000
00000122111112210122100001221012210000000122100000001221012210000000000122100001221012210000000000000000000000000000000000000000000000000000000000000000000000000000000000000000000000000000000000000000000000000000000000000000000000000000000000000000000000000000000000000000000000000000000000000000000000000000000000000000
00000122222222100122100001221012210000000122100000001221012221111000000122100001221012210000000000000000000000000000000000000000000000000000000000000000000000000000000000000000000000000000000000000000000000000000000000000000000000000000000000000000000000000000000000000000000000000000000000000000000000000000000000000000
00000122222222100122111111221012210000000122100000001221001222222100000122100001221012210000000000000000000000000000000000000000000000000000000000000000000000000000000000000000000000000000000000000000000000000000000000000000000000000000000000000000000000000000000000000000000000000000000000000000000000000000000000000000
00000122111112210122222222221012210000000122100000001221000111112210000122100001221012210000000000000000000000000000000000000000000000000000000000000000000000000000000000000000000000000000000000000000000000000000000000000000000000000000000000000000000000000000000000000000000000000000000000000000000000000000000000000000
00001122111112210122111111221012211111110122111111101221011111112210000122100001221012221111110000000000000000000000000000000000000000000000000000000000000000000000000000000000000000000000000000000000000000000000000000000000000000000000000000000000000000000000000000000000000000000000000000000000000000000000000000000000
00001222222222210122100001221012222222210122222222101221012222222210000122100001221012222222210000000000000000000000000000000000000000000000000000000000000000000000000000000000000000000000000000000000000000000000000000000000000000000000000000000000000000000000000000000000000000000000000000000000000000000000000000000000
00001222222221100122100001221012222222210122222222101221012222222110000122100001221001122222210000000000000000000000000000000000000000000000000000000000000000000000000000000000000000000000000000000000000000000000000000000000000000000000000000000000000000000000000000000000000000000000000000000000000000000000000000000000
00001111111110000111100001111011111111110111111111101111011111111100000111100001111000011111110000000000000000000000000000000000000000000000000000000000000000000000000000000000000000000000000000000000000000000000000000000000000000000000000000000000000000000000000000000000000000000000000000000000000000000000000000000000
00000000000000000000000000000000000000000000000000000000000000000000000000000000000000000000000000000000000000000000000000000000000000000000000000000000000000000000000000000000000000000000000000000000000000000000000000000000000000000000000000000000000000000000000000000000000000000000000000000000000000000000000000000000
00000000000000000000000000000000000000000000000000000000000000000000000000000000000000000000000000000000000000000000000000000000000000000000000000000000000000000000000000000000000000000000000000000000000000000000000000000000000000000000000000000000000000000000000000000000000000000000000000000000000000000000000000000000
00000000000000000000000000000000000000000000000000000000000000000000000000000000000000000000000000000000000000000000000000000000000000000000000000000000000000000000000000000000000000000000000000000000000000000000000000000000000000000000000000000000000000000000000000000000000000000000000000000000000000000000000000000000
00001111111111111111111111110000000111111111111111111111111000000011111111111111111111111111111000000011111111111111111110000000111111111100000000001111111111111111111111111111111111111111111111111111111111111110000000000000000000000000000000000000000000000000333333333000000000000000000000000000000000000000000000000000
00001111111111111111111111111100000111111111111111111111111110000011111111111111111111111111111000001111111111111111111111100000111111111100000000001111111111111111111111111111111111111111111111111111111111111111100000000000000000000000000000000000000000333333333333333333333000000000000000000000000000000000000000000000
00001122222222222222222222221110000112222222222222222222222111000011222222222222222222222222211100011122222222222222222221110001112222221100000000011122222211112222222222222222222222222111122222222222222222222221110000000000000000000000000000000000000333333333333333333333333333000000000000000000000000000000000000000000
00001122222222222222222222222211000112222222222222222222222221100011222222222222222222222222211100112222222222222222222222211001112222221100000000011122222211112222222222222222222222222111122222222222222222222222211000000000000000000000000000000000333333333333333333333333333333333000000000000000000000000000000000000000
00001122222222222222222222222221100112222222222222222222222222110011222222222222222222222222211101122222222222222222222222221101112222221100000000011122222211112222222222222222222222222111122222222222222222222222221100000000000000000000000000000033333333333333333333333333333333333330000000000000000000000000000000000000
00001122222222222222222222222221110112222222222222222222222222211011222222222222222222222222211101122222222222222222222222221101112222221100000000011122222211112222222222222222222222222111122222222222222222222222222110000000000000000000000000003333333333333333333333333333333333333333300000000000000000000000000000000000
00001122222222222222222222222222111112222222222222222222222222211111222222222222222222222222211111222222222222222222222222222111112222221100000000011122222211112222222222222222222222222111122222222222222222222222222110000000000000000000000000333333333333333333333333333333333333333333333000000000000000000000000000000000
00001122222221111111111112222222111112222222111111111111122222211111222222222222222222222222211111222222222222222222222222222111112222221100000000011122222211112222222222222222222222222111122222221111111111111222222110000000000000000000000003333333333333333333333333333333333333333333333300000000000000000000000000000000
00001122222221111111111111222222111112222222111111111111112222221111222222211111111111111111111111222222221111111111122222222111112222221100000000011122222211112222222111111111111111111111122222221111111111111122222211000000000000000000000033333333333333333333333333333333444444333333333330000000000000000000000000000000
00000112222221111111111111122222111111222222111111111111111222221111122222211111111111111111111112222222211111111111112222222211112222221100000000011122222211111222222111111111111111111111112222221111111111111112222211000000000000000000003333333333333333333333333333333333344444444443333333300000000000000000000000000000
00000011222221111111111111122222111101122222111111111111111222221111112222211111111111111111111112222222111111111111111222222211112222221100000000111222222211111122222111111111111111111111111222221111111111111112222211000000000000000000033333333333333333333335555555555555554444444444443333330000000000000000000000000000
00000011222221111000000001122222111101122222111100000000011222221111112222211111111111111111111112222222111111111111111222222211112222221100000001111222222211111122222111111111111111111111111222221100000000011112222211000000000000000000333333333333333335555555555555555555554444444444444333333000000000000000000000000000
00000011222221111000000011122222111101122222111100000000111222221111112222211100000000000000000112222221111100000001111122222211112222221100000011112222222110111122222110000000000000000001111222221100000000001112222211000000000000000003335533333333333355555555555555555555555444444444444333333300000000000000000000000000
00000011222221111111111111222222111101122222111111111111112222221111112222211111111111111111111112222221111000000000111122222211112222221111111111122222222110111122222111111111111111111111111222221111111111111122222211000000000000000033365333333333355555553333333333333333335544444444444433333330000000000000000000000000
00000011222221111111111112222221111101122222111111111111122222221111112222211111111111111111111112222221110000000000011122222211112222221111111112222222221100111122222111111111111111111111111222221111111111111222222211000000000000000336553333333335555555333777777777777777773344444444444443333333000000000000000000000000
00000011222222222222222222222221111001122222222222222222222222221111112222222222222222222222211112222221110000000000011122222211112222222222222222222222221100111122222222222222222222222111111222222222222222222222222211000000000000003365533333333355555333777777777777777777777734444444444443333333300000000000000000000000
00000011222222222222222222222211111001122222222222222222222222211111112222222222222222222222211112222221110000000000011122222211112222222222222222222222211000111122222222222222222222222111111222222222222222222222222110000000000000003655333333335555533377777777777777777777777777444444444443333333300000000000000000000000
00000011222222222222222222222111110001122222222222222222222222211110112222222222222222222222211112222221110000000000011122222211112222222222222222222222110000111122222222222222222222222111111222222222222222222222222110000000000000033553333333355555337777777777777777777777777777444444444444333333330000000000000000000000
00000011222222222222222222222211100001122222222222222222222222211110112222222222222222222222211112222221110000000000011122222211112222222222222222222221100000111122222222222222222222222111111222222222222222222222222110000000000000336533333333555553777788887777777777777777777777744444444444333333333000000000000000000000
00000011222222222222222222222221100001122222222222222222222222111110112222222222222222222222211112222221111111111111111122222211112222222222222222222211000000111122222222222222222222222111111222222222222222222222221100000000000003365333333335555537777888888777777777777777777777777744444444433333333300000000000000000000
00000011222222222222222222222222110001122222222222222222222221111100112222222222222222222222211112222221111111111111111122222211112222222222222222222211000000111122222222222222222222222111111222222222222222222222211000000000000003655333333335555377788888888777777777777777777777777777344444433333333300000000000000000000
00000011222221111111111111222222110001122222111111112222222211111000112222211111111111111111111112222222222222222222222222222211112222222222222222222211000000111122222111111111111111111111111222221111111122222222110000000000000033653333333355553777888888888777777777777777777777777777733544443344333330000000000000000000
00000011999991111111111111199999911001199999111111111199999991110000119999911111111111111111111119999999999999999999999999999911119999991111111199999991100000111199999111111111111111111111111999991111111111999999911000000000000036553333333555537778888888887777777777777777777777777777773355533334443330000000000000000000
00000011999991111111111111119999911101199999111111111119999999110000119999911111111111111111111119999999999999999999999999999911119999991111111119999991100000111199999111111111111111111101111999991111111111199999991100000000000336533333335555377788888888887777777777777777777777777777777335553334444333000000000000000000
00000011999991111111111111119999911111199999111111111111999999911000119999911111111111111111111119999999999999999999999999999911119999991111111119999991100000111199999111111111111111111001111999991111111111119999999110000000000365533333355553777888888888887777777777777777777777777777777733555333444333000000000000000000
00000011999991111000000000119999911111199999111100000011199999911100119999911100000000000000000119999999999999999999999999999911119999991111111119999999110000111199999110000000000000000001111999991100000111111999999110000000003365333333355557778888888888877777777777777777777777777777777773355333344333300000000000000000
00000119999991111000000001119999911111199999111100000001199999911111199999911111111111111111111119999991111111111111111199999911119999991100001111999999110000111999999111111111111111111111111999991100000001111999999110000000003655333333555537788888888888877777777777777777777777777777777777355533333433300000000000000000
00001199999991111111111111199999911111199999111100000001199999991111999999911111111111111111111119999991111111111111111199999911119999991100000111999999110000119999999111111111111111111111111999991100000001111999999911000000003655333333555377788888888888777777777777777777777777777777777777335533333333300000000000000000
00001199999991111111111111999999911111199999111100000000119999991111999999999999999999999999911119999991111111111111111199999911119999991100000111999999911001119999999999999999999999999111111999991100000000111199999911000000033655333335555377888888888888777777777777777777777777777777777777735533333333330000000000000000
00001199999999999999999999999999111111199999111100000000119999991111999999999999999999999999911119999991111111111111111199999911119999991100000111199999911011119999999999999999999999999111111999991100000000111199999911000000036555333335553777888888888887777777777777777777777777777777777777773553333333330000000000000000
00001199999999999999999999999999111101199999111100000000119999991111999999999999999999999999911119999991110000000000011199999911119999991100000011199999911011119999999999999999999999999111111999991100000000111199999911000000036553333355553778888888888877777777777777777777777777777777777777773553333333330000000000000000
00001199999999999999999999999991111101199999111100000000119999991111999999999999999999999999911119999991110000000000011199999911119999991100000011199999991111119999999999999999999999999111111999991100000000111199999911000000336553333355557778888888888777777777777777777777777777777777777777777355333333333000000000000000
00001199999999999999999999999911111001199999111100000000119999991111999999999999999999999999911119999991110000000000011199999911119999991100000011119999991111119999999999999999999999999111111999991100000000111199999911000000366555353555537788888888887777777777777777777777777777777777777777777355333333333000000000000000
00001199999999999999999999991111111001199999111100000000119999991111999999999999999999999999911119999991110000000000011199999911119999991100000001119999999111119999999999999999999999999111111999991100000000111199999911000000365553333555537788888888877777777777777777777777777777777777777777777355333333333000000000000000
00001111111111111111111111111111110001111111111100000000111111111111111111111111111111111111111111111111110000000000011111111111111111111100000001111111111111111111111111111111111111111111111111111100000000111111111111000000365535353555537788888888777777777777777777777777777777777777777777777735533333333000000000000000
00001111111111111111111111111111100001111111111100000000111111111111111111111111111111111111111111111111110000000000011111111111111111111100000001111111111111111111111111111111111111111111111111111100000000111111111111000000365553335555377788888877777777777777777777777777777777777777777777777735533333333000000000000000
00000111111111111111111111111110000000111111111100000000011111111111111111111111111111111111111111111111110000000000011111111111111111111100000000111111111111111111111111111111111111111101111111111000000000111111111110000000365535353555377778887777774444447777777777777777777774444477777777777735533333333000000000000000
00000011111111111111111111111000000000011111111100000000001111111111111111111111111111111111111111111111110000000000011111111111111111111000000000111111111111111111111111111111111111111001111111110000000000111111111100000003365553535555377777777777744444444777777777777777777744444447777777777735533333333300000000000000
00000000000000000000000000000000000000000000000000000000000000000000000000000000000000000000000000000000000000000000000000000000000000000000000000000000000000000000000000000000000000000000000000000000000000000000000000000003665555555565777777777777444444444477777777777777777444444444777777777735533333333300000000000000
00001111111111111111111111110000000000000111111111111111111100000011111111111111111111111111111000000000011111111111111111111111000000000000000000000000000000000000000000000000000000000000000000000000000000000000000000000003665555555563777777777777444444444477777777777777777444444444777777777775533333333300000000000000
00001111111111111111111111111100000000011111111111111111111111000011111111111111111111111111111000000111111111111111111111111111000000000000000000000000000000000000000000000000000000000000000000000000000000000000000000000003665555555563777777777774444444444447777777777777774444444444477777777773533333333300000000000000
00001199999999999999999999991110000000111999999999999999999911100011999999999999999999999999911100011111199999999999999999999911000000000000000000000000000000000000000000000000000000000000000000000000000000000000000000000003666555555563777777777774444444444447777777777777774444444444477777777773533333333300000000000000
00001199999999999999999999999911000001199999999999999999999999110011999999999999999999999999911100111999999999999999999999999911000000000000000000000000000000000000000000000000000000000000000000000000000000000000000000000003666655555663777777777774444444444447777777777777774444444444477777777773533333333300000000000000
00001199999999999999999999999991100011999999999999999999999999911011999999999999999999999999911101199999999999999999999999999911000000000000000000000000000000000000000000000000000000000000000000000000000000000000000000000003666666666663777777777774444444444447777777777777774444444444477777777773333333333300000000000000
00001199999999999999999999999991110011999999999999999999999999911111999999999999999999999999911111999999999999999999999999999911000000000000000000000000000000000000000000000000000000000000000000000000000000000000000000000003666666666663777777777774444444444447777777777777774444444444477777777773333333333300000000000000
00001199999999999999999999999999111119999999999999999999999999991111999999999999999999999999911111999999999999999999999999999911000000000000000000000000000000000000000000000000000000000000000000000000000000000000000000000010361166666666637777777777744444444444477777777777777744444444444777777777733333333333120000000000000
0000119999999111111111111999999911111999999911111111111119999999111199999999999999999999999991111999999999999999999999999999991100000000000000000000000000000000000000000000000000000000000000000000000000000000000000000000101073116666666666377777777777444444444444777777777777777444444444447777777777333333333331012000000000000
00001199999991111111111111999999111119999991111111111111119999991111111111111999999911111111111119999999911111111111111111111111000000000000000000000000000000000000000000000000000000000000000000000000000000000000000000010107103611611611611666377777777777444444444444777777777777777444444444447777777777333333333331012000000000000
0000011999999111111111111119999911111999999111111111111111999999111111111111199999991111111111111999999911111111111111111111111100000000000000000000000000000000000000000000000000000000000000000000000000000000000000000010101010731161166666666377777777777444444444444777777777777777444444444447777777777333333333331012000000000000
00000011999991111111111111199999111119999911111111111111111999991111111111111999999911111111111119999991111111111111111111111111000000000000000000000000000000000000000000000000000000000000000000000000000000000000000001010101071031111611611611666377777777777444444444444777777777777777444444444447777777777333333333331010000000000000
00000011999991111000000001199999111119999911111000000000011999991111111111111999999911111111111119999991111111111111111111111111000000000000000000000000000000000000000000000000000000000000000000000000000000000000000001310107107311111161161161166377777777777444444444444777777777777777444444444447777777777333333333331410000000000000
0000001199999111100000001119999911111999991111000000000001199999111100000001199999991110000000011999999111100000000000000000000000000000000000000000000000000000000000000000000000000000000000000000000000000000000000000151313131615331111111111111111663777777777774444444444447777777777777774444444444477777777773333333333141410000000000000
0000001117171717171111111111111171717171717111111717171717111100000000000111717171717111100000001117171717171717111000000001117171717171717111111111111111000000000000000000000000000000000000000000000000000000000000000000000000000000000000000000000000001513151515161531111111111111111663777777777774444444444447777777777777774444444444477777777773333333333141410000000000000
00000011171717171711111111111117171717171711111117171717171111000000000001117171717171111000000011171717171717171110000000011171717171717171711111111111111111000000000000000000000000000000000000000000000000000000000000000000000000000000000000000000000001513151415151631111111111111111663777777777774444444444447777777777777774444444444477777777773333333333141410000000000000
000000111717171717171717171717171717171717171717171717111111171717171711110000000000011171717171711110000000111717171717171711100000000111717171717171717171717171717171717171717171111110000000000000000000000000000000000000000000000000000000000000000000000000000000000000000000001513151414161531111111111111111663777777777774444444444447777777777777774444444444477777777733333333353141410000000000000
00000011171717171717171717171717171717171717171717171111111171717171711110000000000011171717171711110000000111717171717171711100000000111171717171717171717171717171717171717171717171717111000000000000000000000000000000000000000000000000000000000000000000000000000000000000000000001513151414151631111555111111663777777777774444444444447777777777777774444444444477777777733333333333141410000000000000
00000011171717171717171717171717171717171717171717111110111717171717111100000000000111717171717111100000001117171717171717111000000000111717171717171717171717171717171717171717171717171717110000000000000000000000000000000000000000000000000000000000000000000000000000000000000000000151315141416153115555111111663777777777774444444444447777777777777774444444444477777777733333333353141410000000000000
0000001117171717171717171717171717171717171717171717111001117171717171111000000000001117171717171111000000011171717171717171110000000001111717171717171717171717171717171717171717171717171717110000000000000000000000000000000000000000000000000000000000000000000000000000000000000000001513151414151635555551111663377777777774444444444447777777777777774444444444477777777733333333333141410000000000000
000000111717171717171717171717171717171717171717171717110011171717171711110000000000011171717171711110000000111717171717171711100000000011111171717171717171717171717171717171717171717171717110000000000000000000000000000000000000000000000000000000000000000000000000000000000000000001513151414161535555551111666377777777774444444444447777777777777774444444444477777777733333333353141410000000000000
00000011171717171717171717171717171717171717171717171717110111717171717111100000000000111717171717111100000001117171717171717111000000000011111111171717171717171717171717171717171717171717110000000000000000000000000000000000000000000000000000000000000000000000000000000000000000015131514141516355555511111166377777777774444444444447777777777777774444444444477777777733333333553141410000000000000
00000011171717171711111111111111717171717171101117171717171111000000000001117171717171111000000011171717171717171110000000000011111111111111111111171717171717171711000000000000000000000000000000000000000000000000000000000000000000000000000000000000000001513151414161535555555111166377777777774444444444447777777777777774444444444477777777733333333353141410000000000000
0000001117171717171111111111111117171717171711111717171717111100000000000111717171717111100000001117171717171717111000000000000111111111111111111111717171717171711000000000000000000000000000000000000000000000000000000000000000000000000000000000000000001515131414151635555555111166377777777777444444444477777777777777774444444444477777777733333333553141410000000000000
0000001117171717171111111111111111717171717111117171717171111000000000001117171717171111000000011171717171717171110000000000000011111111111111111111717171717171100000000000000000000000000000000000000000000000000000000000000000000000000000000000000000015131414161535555555111166377777777777444444444477777777777777777444444444777777777733333335533141410000000000000
00000011171717171711111111111111117171717171111171717171711110000000000011171717171711110000000111717171717171711100000000000000000011111111111111117171717171711000000000000000000000000000000000000000000000000000000000000000000000000000000000000000000151314141516355555551111663777777777774444444444777777777777777774444444447777777777333333535314141410000000000000
00000011171717171711110000000001117171717171111171717171711110000000000011171717171711110000000111717171717171711100000000000000000000000000000111117171717171711000000000000000000000000000000000000000000000000000000000000000000000000000000000000000000151314141615335555551111663777777777774444444444777777777777777774444444447777777773333333355314141410000000000000
0000011171717171717111100000000111171717171711111717171717171110000000000111717171717171111000000011171717171717171110000000011111111111111111111111117171717171717110000000000000000000000000000000000000000000000000000000000000000000000000000000000000000001513141414161535555551111663777777777777444444447777777777777777777444444477777777773333333555314141410000000000000
000011171717171717171111111111111117171717171711111717171717171111111111111111717171717171111000000011171717171717171110000000011111111111111111111111171717171717171711000000000000000000000000000000000000000000000000000000000000000000000000000000000000000000151315141415163555555111166377777777777774444447777777777777777777744444447777777777333333535531414100000000000000
00001117171717171717111111111111117171717171717111117171717171717111111111111117171717171717111100000001117171717171717111000000001117171717171717171717171717171717171717171717171717171717171100000000000000000000000000000000000000000000000000000000000000000000000000000000000000000015131514141615311555551111116377777777777777777777777777777777777777774444477777777777333335355531414100000000000000
0000111717171717171717171717171717171717171717171717171717111111717171717171717171717171717171717171717171717171717171111000000011171717171717171110000000011171717171717171717171717171717171717171717171717171717171110000000000000000000000000000000000000000000000000000000000000000000000000000000000000000001515131414151631155555511116377777777777777777777777777777777777777777777777777777777333333555531414100000000000000
0000111717171717171717171717171717171717171717171717171717111111171717171717171717171717171717171717171717171717171111100000001117171717171717111000000001117171717171717171717171717171717171717171717171717171717110000000000000000000000000000000000000000000000000000000000000000000000000000000000000000000015131414161531155555511116377777777777777777777777777777777777777777777777777777777333335355531414100000000000000
00001117171717171717171717171717171717171717171717171717111111117171717171717171717171717171717171717171717171717111100000000111717171717171711100000000111717171717171717171717171717171717171717171717171717171110000000000000000000000000000000000000000000000000000000000000000000000000000000000000000000015131414151631155555511116377777777777777777777777777777777777777777777777777777777333353555531414100000000000000
0000111717171717171717171717171717171717171717171717171111100111717171717171717171717171717171717171717171717111110000000011171717171717171110000000011171717171717171717171717171717171717171717171717171111100000000000000000000000000000000000000000000000000000000000000000000000000000000000000000000151314141615311555551111116337777777777777777777777777777777777777777777777777777777333535555531414100000000000000
0000111717171717171717171717171717171717171717171711111100001111717171717171717171717171717171717171711111100000000011171717171717171110000000011171717171717171717171717171717171717171717111111110000000000000000000000000000000000000000000000000000000000000000000000000000000000000000000001513141415163111155551111116637777777777777777777777777777777777777777777777777777777335355555531414100000000000000
00001111111111111111111111111111100000011111111111111111111111111000000000011111111111100000000111111111111111111111111111111000000000000000000000000000000000000000000000000000000000000000000000000000000000000000000000015131514161531111555111111116637777777777777777777777777777777777777777777777777777777353535555331414100000000000000
00001111111111111111111111111111000000001111111111111111111111110000000000011111111111100000000111111111111111111111111111110000000000000000000000000000000000000000000000000000000000000000000000000000000000000000000000015131514151631111115111111111166377777777777777777777777777777777777777777777777777777773353555553141414100000000000000
00000111111111111111111111111110000000000111111111111111111111100000000000011111111111100000000111111111111111111111111111000000000000000000000000000000000000000000000000000000000000000000000000000000000000000000000000015151314161533111111111111111166377777777777777777777777777777777777777777777777777777733535555553141414100000000000000
0000001111111111111111111111100000000000001111111111111111111000000000000000111111111110000000011111111111111111111111000000000000000000000000000000000000000000000000000000000000000000000000000000000000000000000000000000151314141615311111111111111116637777777777777777777777777777777777777777777777777777773335555555314141400000000000000
0000000000000000000000000000000000000000000000000000000000000000000000000000000000000000000000000000000000000000000000000000000000000000000000000000000000000000000000000000000000000000000000000000000000000000000000000000151314141516311111111111111116637777777777777777777777777777777777777777777777777777773353555555314141000000000000000
0000000000000000000000000000000000000000000000000000000000000000000000000000000000000000000000000000000000000000000000000000000000000000000000000000000000000000000000000000000000000000000000000000000000000000000000000000151314141615311111111111111116633777777777777777777777777777777777777777777777777777873535555555314141000000000000000
00000000000000000000000000000000000000000000000000000000000000000000000000000000000000000000000000000000000000000000000000000000000000000000000000000000000000000000000000000000000000000000000000000000000000000000000000001513141415163111111111111111111663777777777777777777777777777777777777777777777777778773355555555314141000000000000000
00000000000000000000000000000000000000000000000000000000000000000000000000000000000000000000000000000000000000000000000000000000000000000000000000000000000000000000000000000000000000000000000000000000000000000000000000001513151416153111111111111111111663777777777777777777777777777777777777777777777777787873555553555314141000000000000000
00000000000000000000000000000000000000000000000000000000000000000000000000000000000000000000000000000000000000000000000000000000000000000000000000000000000000000000000000000000000000000000000000000000000000000000000000001513151415163111111111111111111663777777777777777777777777777777777777777777777777878773555555553314141000000000000000
00000000000000000000000000000000000000000000000000000000000000000000000000000000000000000000000000000000000000000000000000000000000000000000000000000000000000000000000000000000000000000000000000000000000000000000000000001515131416153111111111111111111663777777777777777777777777777777777777777777777777787873555553553314141000000000000000
0000000000000000000000000000000000000000000000000000000000000000000000000000000000000000000000000000000000000000000000000000000000000000000000000000000000000000000000000000000000000000000000000000000000000000000000000000015131415163111111111111511116637777777777777777777777777777777777777777777777778787735555555531414141000000000000000
0000000000000000000000000000000000000000000000000000000000000000000000000000000000000000000000000000000000000000000000000000000000000000000000000000000000000000000000000000000000000000000000000000000000000000000000000000015131516153111111111155511663377777777777777777777777777777777777777777777778787733555553553141414000000000000000
000000000000000000000000000000000000000000000000000000000000000000000000000000000000000000000000000000000000000000000000000000000000000000000000000000000000000000000000000000000000000000000000000000000000000000000000000001513151516311111111555511666377777777777777777777777777777777777777777777787878733555555553141414000000000000000
0000000000000000000000000000000000000000000000000000000000000000000000000000000000000000000000000000000000000000000000000000000000000000000000000000000000000000000000000000000000000000000000000000000000000000000000000000013131516153111111115555111166377777777777777777777777777777777777777777777878788733555553553141414000000000000000
0000000000000000000000000000000000000000000000000000000000000000000000000000000000000000000000000000000000000000000000000000000000000000000000000000000000000000000000000000000000000000000000000000000000000000000000000000001315151633111111555551166377777777777777777777777777777777777777777778787888735555535553141410000000000000000
000000000000000000000000000000000000000000000000000000000000000000000000000000000000000000000000000000000000000000000000000000000000000000000000000000000000000000000000000000000000000000000000000000000000000000000000000000013151516311111155555566337777777777777777777777777777777777777777787878888735555553553141410000000000000000
0000000000000000000000000000000000000000000000000000000000000000000000000000000000000000000000000000000000000000000000000000000000000000000000000000000000000000000000000000000000000000000000000000000000000000000000000000000013161531111115555556663777777777777777777777777777777777777777787878788873555553553314140000000000000000
00000000000000000000000000000000000000000000000000000000000000000000000000000000000000000000000000000000000000000000000000000000000000000000000000000000000000000000000000000000000000000000000000000000000000000000000000000000013163111111555555566377777777777777777777777777777777777777787878788887355555535331400000000000000000
0000000000000000000000000000000000000000000000000000000000000000000000000000000000000000000000000000000000000000000000000000000000000000000000000000000000000000000000000000000000000000000000000000000000000000000000000000000000133111111555555566377777777777777777777777777777777777777878787888873355555355314000000000000000000
0000000000000000000000000000000000000000000000000000000000000000000000000000000000000000000000000000000000000000000000000000000000000000000000000000000000000000000000000000000000000000000000000000000000000000000000000000000000033111155555556637777777777777777777777777777777777777878787888887335555333530000000000000000000
0000000000000000000000000000000000000000000000000000000000000000000000000000000000000000000000000000000000000000000000000000000000000000000000000000000000000000000000000000000000000000000000000000000000000000000000000000000000003111155555556633777777777777777777777777777777777778787878788887335555535530000000000000000000
0000000000000000000000000000000000000000000000000000000000000000000000000000000000000000000000000000000000000000000000000000000000000000000000000000000000000000000000000000000000000000000000000000000000000000000000000000000000003111155555556633777777777777777777777777777777777787878787888887355555333530000000000000000000
0000000000000000000000000000000000000000000000000000000000000000000000000000000000000000000000000000000000000000000000000000000000000000000000000000000000000000000000000000000000000000000000000000000000000000000000000000000000003111155555555663777777777777777777777777777777777778787878888887355555535530000000000000000000
0000000000000000000000000000000000000000000000000000000000000000000000000000000000000000000000000000000000000000000000000000000000000000000000000000000000000000000000000000000000000000000000000000000000000000000000000000000000003311115555555663777777777777777777777777777777778787878788888887355555333530000000000000000000
0000000000000000000000000000000000000000000000000000000000000000000000000000000000000000000000000000000000000000000000000000000000000000000000000000000000000000000000000000000000000000000000000000000000000000000000000000000000000311115555555663777777777777777777777777777777777778787878888887355555533530000000000000000000
0000000000000000000000000000000000000000000000000000000000000000000000000000000000000000000000000000000000000000000000000000000000000000000000000000000000000000000000000000000000000000000000000000000000000000000000000000000000000311115555555663377777777777777777777777777777878787878788888873355555333530000000000000000000
0000000000000000000000000000000000000000000000000000000000000000000000000000000000000000000000000000000000000000000000000000000000000000000000000000000000000000000000000000000000000000000000000000000000000000000000000000000000000311115555555663377777777777777777777777777777777777787888888873355553333330000000000000000000
0000000000000000000000000000000000000000000000000000000000000000000000000000000000000000000000000000000000000000000000000000000000000000000000000000000000000000000000000000000000000000000000000000000000000000000000000000000000000311115555555566377777777777777777777777777787778787878888888873555555333300000000000000000000
0000000000000000000000000000000000000000000000000000000000000000000000000000000000000000000000000000000000000000000000000000000000000000000000000000000000000000000000000000000000000000000000000000000000000000000000000000000000000031111555555566337777777777777777777777777777777777788888888873555553333300000000000000000000
0000000000000000000000000000000000000000000000000000000000000000000000000000000000000000000000000000000000000000000000000000000000000000000000000000000000000000000000000000000000000000000000000000000000000000000000000000000000000031111555555556633777777777777777777777777777877787878888877733555555333300000000000000000000
000000000000000000000000000000000000000000000000000000000000000000000000000000000000000000000000000000000000000000000000000000000000000000000000000000000000000000000000000000000000000000000000000000000000000000000000000000000000003311555555555666337777777777777777777777777777777787878733335555553333300000000000000000000
000000000000000000000000000000000000000000000000000000000000000000000000000000000000000000000000000000000000000000000000000000000000000000000000000000000000000000000000000000000000000000000000000000000000000000000000000000000000000311555555555566663337777777777777777777777778777877777335355555533333300000000000000000000
0000000000000000000000000000000000000000000000000000000000000000000000000000000000000000000000000000000000000000000000000000000000000000000000000000000000000000000000000000000000000000000000000000000000000000000000000000000000000003111155555555555666633337777777777777777777777777773333353535555533333300000000000000000000
0000000000000000000000000000000000000000000000000000000000000000000000000000000000000000000000000000000000000000000000000000000000000000000000000000000000000000000000000000000000000000000000000000000000000000000000000000000000000003111155555555555566666633333777777777777773333333333353555555555533333000000000000000000000
0000000000000000000000000000000000000000000000000000000000000000000000000000000000000000000000000000000000000000000000000000000000000000000000000000000000000000000000000000000000000000000000000000000000000000000000000000000000000000311115555555555566666666333333333333333333333335353535353535555533333000000000000000000000
0000000000000000000000000000000000000000000000000000000000000000000000000000000000000000000000000000000000000000000000000000000000000000000000000000000000000000000000000000000000000000000000000000000000000000000000000000000000000000311115555555555566665553535333333333333333333333333353535555555533333000000000000000000000
00000000000000000000000000000000000000000000000000000000000000000000000000000000000000000000000000000000000000000000000000000000000000000000000000000000000000000000000000000000000000000000000000000000000000000000000000000000000000003366555555555566655533333333333333333333333333333333353535355333333000000000000000000000
00000000000000000000000000000000000000000000000000000000000000000000000000000000000000000000000000000000000000000000000000000000000001818181818181818181818180000000000000000000000000000000000000000000000000000000000000000000000000000000000000000336665555555566655353533353333333333333333353353353535355555333330000000000000000000000
0000000000000000000000000000000000000000000000000000000000000000000000000000000000000000000000000000000000000000000000000000000018181818181818181818181818181818181818180000000000000000000000000000000000000000000000000000000000000000000000000000000000000033666655555566653533333333333333333333333333333333333535355333300000000000000000000000
000000000000000000000000000000000000000000000000000000000000000000000000000000000000000000000000000000000000000000000000000000181818181818181818181818181818181818181818181818180000000000000000000000000000000000000000000000000000000000000000000000000000000000003336666655566655353535333333333333333333333333333535355555333000000000000000000000000
00000000000000000000000000000000000000000000000000000000000000000000000000000000000000000000000000000000000000000000000000018181818181818181818181818181818181818181818181818181818181800000000000000000000000000000000000000000000000000000000000000000000000000000000000033366666566653533333333333333333333333333353353355555553330000000000000000000000000
00000000000000000000000000000000000000000000000000000000000000000000000000000000000000000000000000000000000000000000000001818181818181818181818181818181818181818191919181818181818181818180000000000000000000000000000000000000000000000000000000000000000000000000000000000003333666666655353533353333333333333333333333335555555333000000000000000000000000000
0000000000000000000000000000000000000000000000000000000000000000000000000000000000000000000000000000000000000000000000001818181818181818181818181820202020202020202019191919191919181818181818000000000000000000000000000000000000000000000000000000000000000000000000000000000000003336666665533333333333333333333333333333555555333300000000000000000000000000000
00000000000000000000000000000000000000000000000000000000000000000000000000000000000000000000000000000000000000000000001818181818181818181818202020202020202020202020201919191919191919191918181818180000000000000000000000000000000000000000000000000000000000000000000000000000000000000033336666553535333333333333333333335555555333300000000000000000000000000000000
0000000000000000000000000000000000000000000000000000000000000000000000000000000000000000000000000000000000000000000001818181818181818182020202020201818181818181818181818191919191919191919191918181818000000000000000000000000000000000000000000000000000000000000000000000000000000000000000033333335333333333333333333335555553333300000000000000000000000000000000000
000000000000000000000000000000000000000000000000000000000000000000000000000000000000000000000000000000000000000000001818181818181820202020201818181818212121212121212121212119191919191919191919191818181800000000000000000000000000000000000000000000000000000000000000000000000000000000000000000000033335353333333333335555533333000000000000000000000000000000000000000
00000000000000000000000000000000000000000000000000000000000000000000000000000000000000000000000000000000000000000001818181818181820202020181818182121212121212121212121212121211919191919191919191918181818180000000000000000000000000000000000000000000000000000000000000000000000000000000000000000000000033333333333333333333330000000000000000000000000000000000000000000
0000000000000000000000000000000000000000000000000000000000000000000000000000000000000000000000000000000000000000001818181818182020202018181821212121212121212121212121212121212119191919191919191919191818181818000000000000000000000000000000000000000000000000000000000000000000000000000000000000000000000000000000033330000000000000000000000000000000000000000000000000000
000000000000000000000000000000000000000000000000000000000000000000000000000000000000000000000000000000000000000001818181818182020201818182121212121212121212121212121212121212121211919191919191919191919181818181800000000000000000000000000000000000000000000000000000000000000000000000000000000000000000000000000000000000000000000000000000000000000000000000000000000000000
0000000000000000000000000000000000000000000000000000000000000000000000000000000000000000000000000000000000000000181818181818202020181821212121212121212121212121212121212121212121212119191919191919191919191818181800000000000000000000000000000000000000000000000000000000000000000000000000000000000000000000000000000000000000000000000000000000000000000000000000000000000000
000000000000000000000000000000000000000000000000000000000000000000000000000000000000000000000000000000000000000181818181818202020181821212121212121212121212121212121212121212121212121211919191919191919191918181818180000000000000000000000000000000000000000000000000000000000000000000000000000000000000000000000000000000000000000000000000000000000000000000000000000000000000
0000000000000000000000000000000000000000000000000000000000000000000000000000000000000000000000000000000000000001818181818202020181821212121212121212121212121212121212121212121212121212121212121212119191919191818181818000000000000000000000000000000000000000000000000000000000000000000000000000000000000000000000000000000000000000000000000000000000000000000000000000000000000
00000000000000000000000000000000000000000000000000000000000000000000000000000000000000000000000000000000000000181818181820202018182121212121212121212121212121212121212121212121212121212121212121212121211819191818181818141414000000000000000000000000000000000000000000000000000000000000000000000000000000000000000000000000000000000000000000000000000000000000000000000000000000000
00000000000000000000000000000000000000000000000000000000000000000000000000000000000000000000000000000000000001818181818182020201821212121212121212121212121212121212121212121212121212121212121212121212121211818201818181822101414140000000000000000000000000000000000000000000000000000000000000000000000000000000000000000000000000000000000000000000000000000000000000000000000000000000
000000000000000000000000000000000000000000000000000000000000000000000000000000000000000000000000000000000000018181818182020201821212121212121212121212121212121212121212121212121212121212121212121212121212121182018181818222310101414000000000000000000000000000000000000000000000000000000000000000000000000000000000000000000000000000000000000000000000000000000000000000000000000000000
00000000000000000000000000000000000000000000000000000000000000000000000000000000000000000000000000000000000018181818181820201818212121212121212121212121212121212121212121212121212121212121212121212121212119191918181818181824231010141400000000000000000000000000000000000000000000000000000000000000000000000000000000000000000000000000000000000000000000000000000000000000000000000000000
00000000000000000000000000000000000000000000000000000000000000000000000000000000000000000000000000000000000018181818182020201821212121212121212121212121212121212121212121212121212121212121212121212121212119191919191818181822242310101400000000000000000000000000000000000000000000000000000000000000000000000000000000000000000000000000000000000000000000000000000000000000000000000000000
000000000000000000000000000000000000000000000000000000000000000000000000000000000000000000000000000000000000181818181820201818212121212121212121212121212121212121212121212121212121212121212121212121212121211919191919181818222324101014140000000000000000000000000000000000000000000000000000000000000000000000000000000000000000000000000000000000000000000000000000000000000000000000000000
0000000000000000000000000000000000000000000000000000000000000000000000000000000000000000000000000000000000018181818182020201821212121212121212121212121212121212121212121212121212121212121212121212121212121212119191919181818222423101010140000000000000000000000000000000000000000000000000000000000000000000000000000000000000000000000000000000000000000000000000000000000000000000000000000
00000000000000000000000000000000000000000000000000000000000000000000000000000000000000000000000000000000000181818181820201818212121212121212121212121212121212121212121212121212121212121212121212121212121212121212118181818182223241010101414000000000000000000000000000000000000000000000000000000000000000000000000000000000000000000000000000000000000000000000000000000000000000000000000000
00000000000000000000000000000000000000000000000000000000000000000000000000000000000000000000000000000000000181818181820201821212121212121212121212121212121212121212121212121212121212121212121212121212121212121212121181818222324231010101014000000000000000000000000000000000000000000000000000000000000000000000000000000000000000000000000000000000000000000000000000000000000000000000000000
000000000000000000000000000000000000000000000000000000000000000000000000000000000000000000000000000000000018181818181820201821212121212121212121212121212121212121212121212121212121212121212121212121212121212121212121181818222423241010101014000000000000000000000000000000000000000000000000000000000000000000000000000000000000000000000000000000000000000000000000000000000000000000000000000
000000000000000000000000000000000000000000000000000000000000000000000000000000000000000000000000000000000018181818182020181821212121212121212121212121212121212121212121212121212121212121212121212121212121212121212121181818222324231010101014000000000000000000000000000000000000000000000000000000000000000000000000000000000000000000000000000000000000000000000000000000000000000000000000000
0000000000000000000000000000000000000000000000000000000000000000000000000000000000000000000000000000000000181818181820201821212121212121212121212121212121212121212121212121212121212121212121212121212121212121212121211818182224232410101010141400000000000000000000000000000000000000000000000000000000000000000000000000000000000000000000000000000000000000000000000000000000000000000000000000
0000000000000000000000000000000000000000000000000000000000000000000000000000000000000000000000000000000000181818181820201821212121212121212121212121212121212121212121212121212121212121212121212121212121212121212121211818182223242310101010141400000000000000000000000000000000000000000000000000000000000000000000000000000000000000000000000000000000000000000000000000000000000000000000000000
000000000000000000000000000000000000000000000000000000000000000000000000000000000000000000000000000000000018181818182020182121212121212121212121212121212121212121212121212121212121212121212121212121212121212121212118181822232423101010101414140000000000000000000000000000000000000000000000000000000000000000000000000000000000000141414141414141414141414141414141414141414141414141400000000000000000000000000000000000
0000000000000000000000000000000000000000000000000000000000000000000000000000000000000000000000000000000001818181818202018182121212121212121212121212121212121212121212121212121212121212121212121212121212121212121212118181822242324231010101414140000000000000000000000000000000000000000000000000000000000000000000000000000141414141414141414141414141414141414141414141414141414141414141414141414141414141414141400000000000000000000000000
0000000000000000000000000000000000000000000000000000000000000000000000000000000000000000000000000000000001818181818202018182121212121212121212121212121212121212121212121212121212121212121212121212121212121212121211818182224232423101010141414140000000000000000000000000000000000000000000000000000000000000000000000141414141414141414141414141414141425252525252525252525252525252525252525252514141414141414141414141414141414141400000000000000000000
0000000000000000000000000000000000000000000000000000000000000000000000000000000000000000000000000000000001818181818202018212121212121212121212121212121212121212121212121212121212121212121212121212121212121212121181818182223242310101010141414141400000000000000000000000000000000000000000000000000000000000000000141414141414141414141414141425252525252525262626262626262626262626262626262626262626252525252525251414141414141414141414141414140000000000000000
000000000000000000000000000000000000000000000000000000000000000000000000000000000000000000000000000000000181818181820201821212121212121212121212121212121212121212121212121212121212121212121212121212121212121211818181822232423101010101414141414140000000000000000000000000000000000000000000000000000000000000141414141414141414141010102525252525262626262626261313131313131313131313131313131313131313132626262626262625252525251414141414141414141414141414000000000000
000000000000000000000000000000000000000000000000000000000000000000000000000000000000000000000000000000000181818181820201821212121212121212121212121212121212121212121212121212121212121212121212121212121212121181818182223242310101010101414141414140000000000000000000000000000000000000000000000000000000000141414141414141414141010102525252626262626131313131313131313131313131313131313131313131313131313131313131313131326262626262525251414141414141414141414141414000000000
0000000000000000000000000000000000000000000000000000000000000000000000000000000000000000000000000000000001818181818202018212121212121212121212121212121212121212121212121212121212121212121212121212121212121181818222223242310101010101414141414141400000000027272727272727272727272700000000000000000000000000000000000141414141414141414141010252525262626282828131313131313131313131313131313131313131313131313131313131313131313131313131313131326262626252525141414141414141414141414140000000
0000000000000000000000000000000000000000000000000000000000000000000000000000000000000000000000000000000001818181818202018212121212121212121212121212121212121212121212121212121212121212121212121212121211818181822242324231010101010141414141414141400000272727272727272727272727272727272727272700000000000000000000000000000141414141414141414141410252526262628282828281313131313131313131313131313131313131313131313131313131313131313131313131313131313132626262626262625251414141414141414141414141400000
000000000000000000000000000000000000000000000000000000000000000000000000000000000000000000000000000000000181818181820201821212121212121212121212121212121212121212121212121212121212121212121212121212118181818222423242310101010101414141414141414140027272727272727272727272727272727272727272727272727270000000000000000000000000141414141414141414141410252626282828282828282813131313131313131313131313131313131313131313131313131313131313131313131313131313132626262626262626262625141414141414141414141414140000
000000000000000000000000000000000000000000000000000000000000000000000000000000000000000000000000000000000181818181820201821212121212121212121212121212121212121212121212121212121212121212121212121211818181822242324231010101010141414141414141414142727272727272727272727272727272727272727272727272727272727270000000000000000000000141414141414141414141410262828282828282828282828281313131313131313131313131313131313291329132913131313131313131313131313131313262626262626131313132626262614141414141414141414141414000
0000000000000000000000000000000000000000000000000000000000000000000000000000000000000000000000000000000001820181818202018212121212121212121212121212121212121212121212121212121212121212121212121181818182222242324231010101010141414141414141414272727272727272727271111111111111114121212122727272727272727272727270000000000000000000141414141414141414141410262828282828282828282828282828131313131313131313291329132913291329132913291329132913291313131313131326262626261313131313131313132626261414141414141414141414141400
000000000000000000000000000000000000000000000000000000000000000000000000000000000000000000000000000000000182018181820201821212121212121212121212121212121212121212121212121212121212121212121211818182222102423242310101010101514141414141414271127112727272727111111111111111111111412121212121212122727272727272727272700000000000000000141414141414141414141510282828282828282828282828282828281313132913291329132913282828282828282828282828281329132913291329132626262613131313131313131313131326261414141414141414141414141400
0000000000000000000000000000000000000000000000000000000000000000000000000000000000000000000000000000000001820181818202018212121212121212121212121212121212121212121212121212121212121212121211818182224102423242310101010101514141414141414271127112727271111111111111111111111111114121212121212121212121227272727272727270000000000000000141414141415141514151410282828282828282828282828282828282913291329132828282828282828282828282828282828282828282828132926292629131313131313131313131313131326261414141414141414141414141400
00000000000000000000000000000000000000000000000000000000000000000000000000000000000000000000000000000000018201818182020182121212121212121212121212121212121212121212121212121212121212121211818182224232423101010101010101514141414141414111127112727271111115511111111111111111114141414141412121212121212122727272727272700000000000000151514151415141514151415141028282828282828282828282828282928291328282828282828282828282828282828282828282828282828282828282629132913131313131313131313131313261414141414141414141414141414280
000000000000000000000000000000000000000000000000000000000000000000000000000000000000000000000000000000000182018181820201821212121212121212121212121212121212121212121212121212121212121211818182224232423101010101010151515141414141414112711112727111111555551111111111111111141414141414141414121212121212122727272727270000000000000151415141514151415141514151410282828282828282828282828292829302828282828282828282828282828282828282828282828282828282828282830291329131313131313131313131326141414141414141414141414141410280
0000000000000000000000000000000000000000000000000000000000000000000000000000000000000000000000000000000001820201818202018212121212121212121212121212121212121212121212121212121212121211818182224232423101010101010131515141414141411111111272727111111555555111111111111111114141431313131313114141412121212122727272727272700000000000281514151415141514151415141414102828282828282828282829282930282828282828282828282828282828282828282828282828282828282828282828302913291313131313131313262614141414141414141414141414141410280
000000000000000000000000000000000000000000000000000000000000000000000000000000000000000000000000000000000181820181820201821212121212121212121212121212121212121212121212121212121212118181822242324231010101010101315151414141414115115111111111155555555111111111111111114143131313131313131313114141212121227272727272727000000000281528151415141514151415141414141410102828282828282828282928302928282828282828282828282828282828282828282828282828282828282828293013292626262626262626261010141414141414141414141414141410282828
00000000000000000000000000000000000000000000000000000000000000000000000000000000000000000000000000000000001822201820201821212121212121212121212121211921212121212121212121212121212118181822232423101010101013131515151414141414111151151111111111555555551111111111111114143131313131313131313131311414121212122727272727000000000152828281514151415141414141414141414141010102828282828292829303029282828282828282828282828282828282828282828282828282828282829303029262926262626261010101414141414141414141414141414141028282828
0000000000000000000000000000000000000000000000000000000000000000000000000000000000000000000000000000000000182220182020181821212121212121212121212119192121212121212121212121212121181818221024231010101010131313151514141414141111511511111111111111555555511111111111111141431313131313131313131313131311412121212272727272700000000281528282815141514141414141414141414141414141010102828282928293030292929282828282828282828282828282828282828282828282829292930302926292626261010101414141414141414141414141414141414101528282828
000000000000000000000000000000000000000000000000000000000000000000000000000000000000000000000000000000000018222018202018182121212121212121212121191919212121212121212121212121212118182210242310101010101313131515151414141411115551111111111111111115555551111111111111114143131313131313131313131313131311412121212272727272700000028152815282828151414141414141414141414141414141414141010101010282930303030292929292928282828282828282828282828292929292930303030292610101010101414141414141414141414141414141414141010152828281528
000000000000000000000000000000000000000000000000000000000000000000000000000000000000000000000000000000000018222018202018182121212121212121212119191919192121212121212121212121211818182224231010101010131313131515151414141111555511111111111111111111555555111111111111141431313131313131313131313131313131141212121227272727270000015281528152828281515141014141414141414141414141414141414141414141414141414143030303029292929292929292929292929303030301010101010101014141414141414141414141414141414141414141410101515282828152828
00000000000000000000000000000000000000000000000000000000000000000000000000000000000000000000000000000000001818222020202218212121212121212121191919191919212121212121212121212121181818222310101010101313131313131515151411115555111111111111111111111111555551111111111111414143131313131313131313131313131313114121212272727272727000028151515152828282828151510101014141414141414141414141414141414141414141414141414141414141414141414141414141414141414141414141414141414141414141414141414141414141414141410101015152828282828281528
000000000000000000000000000000000000000000000000000000000000000000000000000000000000000000000000000000000001822202020221818212121212121211919191919191919212121212121212121212118182224101010101013131513131313151515141111555511111111111111111111111111555511111111111111111111313131313131313131313131313131311412121227272727270002815281515151528282828282815151510101014141414141414141414141414141414141414141414141414141414141414141414141414141414141414141414141414141414141414141414141414141410101015151515282828282828152828
0000000000000000000000000000000000000000000000000000000000000000000000000000000000000000000000000000000000018222220202218182121212121211919191919191919192121212121212121212121181822102310101013131514131313131515151111555511111111111111111111111111111151111111111272727272727111111113131313131313131313131313131141212122727272727001528151515151528282828282828282815151510101010101414141414141414141414141414141414141414141414141414141414141414141414141414141414141414141414141414141414141010101010101515281528152828282828281528
00000000000000000000000000000000000000000000000000000000000000000000000000000000000000000000000000000000000182222222022221821212121211919191919191919191921212121212121212121211818222410101010131514141413131313151511555511111111111111111111111111111111111111272727323232323232272727111111313131313131313131313131311412121227272727002815151515151528282828282828282828282815151515151010101010141414141414141414141414141414141414141414141414141414141414141414141414141414141414141010101010101010101010151515152815282828282828152828
00000000000000000000000000000000000000000000000000000000000000000000000000000000000000000000000000000000000181822222222221821212121212119191919191919191921212121212121212121211818221023101015151414141413131313151111555511111111111111111111111111111111113232323232323232323232323232272711111131313131313131313131311412121227272727270028151515151528282828282828151528282828282828281515151515101010101010101010141414141414141414141414141414141414141414141414141010101010101010101015141514151410101015151515151528152828282828281528
0000000000000000000000000000000000000000000000000000000000000000000000000000000000000000000000000000000000001822222222221818212121212119191919191919191919212121212121212121211818222410101015151414141413131313151155551111111111111111111111111111111132323232323211111111111111113232323227271111313131313131313131313114121212272727270015151515151528282828282815151515151528282828282828282828151515151515151515101010101010101010101010101010101010101010101010101015151515151515151514151410101010101515151415151515282828282828152828
00000000000000000000000000000000000000000000000000000000000000000000000000000000000000000000000000000000000018222222222218182121212121191919191919191919192121212121212121212118182210231010151514141414141313131111555511111111111111111111111111111132323232111111111111111111111111111132323227111131313131313131313131141212122727270000151515151528282828282815151515151515151528282828282828282828282828282828151515151515151515151515151515151515151515151515151515151515141514151415101010101010101415141514151515152828282828281528
000000000000000000000000000000000000000000000000000000000000000000222222222222222222222222222222222222222222222222222222222222222222222222222222222222181822222222221821212121212119191919191919191921212121212121212121181822241010151514141414141413131311555551111111111111111111111111111323232321111111111111111111111111111111132323227111131313131313131313131141212120000013151515151528282828282815151514151415151515282828282828282828282828282828282828282828282828152815281528151515151515151514151415141514151415141510101010101010101514151415141515281528282828152828
00000000000000000000000000000000000000000000000000000000000000222222222233333333333333333333333333333333333333333333333333333333333333333333333333333333331818222222222218182121212121191919191919191919192121212121212121211818182224101515141414141414131313115555555111111111111111111111132323232111111111111111111111111111111111111323232271111313131313131313131141212120000013131515151515282828281515151415141514151515282828282828282828282828151515151515151515151515151515151515151414141414141414141414151415141514151410101010101010101415141514151415152828282828281528
0000000000000000000000000000000000000000000000000000000000222222222233333333333333333333333333333333333333333333333333333333333333333333333333333333333333333333182222222222221821212121212119191919191919191921212121212121212121181822101015151414141414141413111155555555511111111111111113232323211111111111111111111111111111111111111113232322711313131313131313131141212120000013131315151515282828281515151514141415141515152828282828282828282815151515151515151515141414141414141414141414141414141414141414141514151415141010101010101010101514151414141515281528282828152828
000000000000000000000000000000000000000000000000000000222222222233333333333333333333333333333333333333333333333333333333333333333333333333333333333333333333333333331818222222222218182121212121191919191919191919212121212121212121211818222410151515141414141414131155555555555511111111111132532111111111111111111111111111111111111111111113232271111313131313131313131141212120001313131315151515282828281515151414141414151515152828282828282828281515151515151515141414141414141414141414141414141414141414141414141415141514101410101010101010101415141414151415152828282828281528
00000000000000000000000000000000000000000000000000222222222233333333333333333333333333333333333333333333333333333333333333333333333333333333333333333333333333333333333333182222222222181821212121212119191919191919191921212121212121212118182210101015151414141414141311555555555555551111113253211111111111111111111111111111111111111111111111132322711313131313131313131141212120001311111113151515282828281515141414141414141515151528282828282828151515151515151414141414141414141414141414141414141414141414141414141514151415141010101010101010101514151414141515151528282828152828
000000000000000000000000000000000000000000000000022223333333333333333333333333333333318181818181818181818181818181818181818181818181818181818181818181818181818181818181818181822222222221821212121212119191919191919191921212121212121212118181822101015151414141414141411555555555555555555321111111111111111111111111111111111111111111111111111322711113131313131313131141212120001111271111111515282828281515151414141414141415151528282828282828151515151515141414141414141414141414141414141414141414141414141414141415141514101410101010101010151415141414141415152828282828281528
0000000000000000000000000000000000000000000000000223333333333333333333333333318181818222222222222222222222222222222222222222222222222222222222222222222222222222222222222222218222222222218182121212121211919191919191919212121212121212121211818222410151515141414141411115555555555555555555111111111111111111111111111111111111111111111111111132322711313131313131313131141212120131132272727111111282828281515141414141414141514151528282828282828151515151514141414141414141414141414141414141414141414141414141414141414151415141010101010101010141514141414141515151528282828152828
0000000000000000000000000000000000000000000000141414221833333333333333331818181822222222222222222222222222222222222222222222222222222222222222223422222234223422342234343534352218182222222222182121212121211919191919191919212121212121212136211818221010151515141414141411555555555555555555551111111111111111111111111111111111111111111111111111323227113131313131313131311412121215111132322727272711111111281515141414141414141415151528282828282815151515151514141414141414141414141414141414141414141414141414141414141415141514101410101010101010151415141414141415152828282828282825
000000000000000000000000000000000000000000000143131312233183333331818181822222222222222222222222222222222222222222222222222222222222222222222222222222222222222342234343434352422221822222222221818212121212121191919191919192121212121212121362118182224101015151414141414115555555555555555555111111111111111111111111111111111111111111111111111111113227111131313131313131311414121228113232322727272727272711111115141414141414141414151528282828282815151515151414141414141414141414141414141414141414141414141414141414141414151415141014101010101010141514141414141415151528282828282825
0000000000000000000000000000000000000000000014313131312218331818182222222222222222222222222222222222222222222222222222222222222222222222222222222222222222223422223422343435343524221818222222222218212121212121211919191921212121212121212121362118182210101015151514141414115555555555555555555111111111111111111111111111111111111111111111111111111113232271131313131313131311414121511113232323227272727272727271111111114141414141415151515282828282815151515151414141414141414141414141414141414141414141414141414141414141415141514101410101010101010151415141414141415152828282828282525
00000000000000000000000000000000000000000001431313131312218183322222222222222222222222222222222222222222222222222222222222222222222222222222222222222223422222222342234343434352435222218222222222218182121212121212121212121212121212121212121362121181822101015151514141414115555555555555555555111111111111111111111111111111111111111111111111111111113232271131313131313131311414142811323232323232272727272727272727271111111414141414151515282828282815151515151414141414141414141414141414141414141414141414141414141414141414151415141014101010101010141514141414141415151528282828282525
00000000000000000000000000000000000000000014313131311414221818182222222222222222222222222222222222222222222222222222222222222222222222222222222222222222222222342222342234343534352435221818222222222218212121212121212121212121212121212121212136362118182210101515151414141411551111111111111111111111111111555111111111111111111111111111111111111111111111111111111113232271131313131313131311414151111323232111111323232272727272727272727111111141415151515282828282815151515151414141414141414141414141414141414141414141414141414141414141415141514151410101010101010151414141414141415152828282828162525
00000000000000000000000000000000000000000014313131143131221818182222222222222222222222222222222222222222222222222222222222222222222222222222222222222222222222222222223434343435353524222218222222222218182121212121212121212121212121212121212136362118181822101015151414141411551128282828282828282828282811555111111111111111111111111111111111111111111111111111111113232271131313131313131311414281132323232111111111111323227272727272727272711111414151515282828282815151515141414141414141414141414141414141414141414141414141414141414141414151415141014101010101010141514141414141415282828282828372525
0000000000000000000000000000000000000000001414311431313122181818222222222222222222222222222222222222222222222222222222222222222222222222222222222222222222223422342234223434343535353524221818222222222218212121212121212121212121212121212121213636362118182210101515151414141155112815151515151515151515281155511111111111111111111111111111111111111111111111111111111323227113131313131313131141511113232321111111111111111113232322727272727272711111415151528282828281515151514141414141414141414141414141414141414141414141414141414141414141414151415141014101010101015141414141414141515282828287162525
000000000000000000000000000000000000000001314141431313131221818182222222222222222222222222222222222222222222222222222222222222222222222222222222222222222222222222222223434343435353524352222182222222222181821212121212121212121212121212121213636363621181822101015151514141411551128151515151515151515152811555111111111111111111111111111111111111111111111111111111113232271131313131313131311428113232323211111111111111111111111132322727272727271111151515282828282815151515141414141414141414141414141414141414141414141414141414141414141414141415141014101010101010141514141414141415282828282816372525
00000000000000000000000000000000000000000131414143131313122181818222222222222222222222222222222222222222222222222222222222222222222222222222222222222222222222222223422223434343435353524352218182222222222181821212121212121212121212121212121363636362121182210101015151514141155112815153131313131313115281111551111111111111111111111111111111111111111111111111111111132271111313131313131313115111132323211111111111111111111111111111132322727272727111115152828282828151515151414141414141414141414141414141414141414141414141414141414141414141415141514101410101010101514141414141414151528282877162525
00000000000000000000000000000000000000000131414143131313122181818222222222222222222222222222222222222222222222222222222222222222222222222222222222222222222222234222222342234343435353535242222181822222222181821212121212121212121212121212121363636363621181822101015151515151155112815153131313131313115282811555111111111111111111111111111111111111111111111111111132322711313131313131313131281132323232111111111111111111111111111111111132272727272711111528282828281515151514141414141414141414141414141414141414141414141414141414141414141414141514101410101010101014151414141414141528282828716372525
00000000000000000000000000000000000000000131414143131313122181818222222222222222222222222222222222222222222222222222222222222222222222222222222222222222222222222223422223422343434353535353522221822222222221818212121212121212121212121212121363636363621181822101015151515151111511112815153131313131313115281155511111111111111111111111111111111111111111111111111113232271131313131313131311511113232321111111111111111111111111111111111111132272727272711112828282828151515151414141414141414141414141414141414141414141414141414141414141414141415141514101410101010101514141414141414151528282877162525
000000000000000000000000000000000000000001314141431313131221818182222222222222222222222222222222222222222222222222222222222222222222222222222222222222222222222222222222222343434343435353535352218182222222222182121212121212121212121212121363636363636211818182210101515131313115511281515313131313131311528111155111111111111111111111111111111111111111111111111111132321111313131313131313128113232323211111111111111111111111111111111111111113227272727271111282828281515151514141414141414141414141414141414141414141414141414141414141414141414141514101410101010101014151414141414141528282828716372525
000000000000000000000000000000000000000001314141431313131221818182222222222222222222222222222222222222222222222222222222222222222222222222222222222222222222222222222342234223434343434353535352222181822222222181821212121212121212121212136363636363636362118182210101513131313115511281515313131313115151528281155511111111111111111111111111111111111111111111111132323211313131313131313115111132323211111111111111111111111111111111111111111111322727272727111128282815151515141414141414141414141414141414141414141414141414141414141414141414141514151410141010101010151414141414141415152828777162525
0000000000000000000000000000000000000000013141414313131312218181822222222222222222222222222222222222222222222222222222222222222222222222222222222222222222222222222222222223422342234343435353535222218222222222218212121212121212121212136363636363636363621181822131313131313131155112815151515151515151515152811115551111111111111111111111111111111111111111111132323211113131313131313131281132323232111111111111111111111111111111111111111111111132272727272711112828151515151414141414141414141414141414141414141414141414141414141414141414141414151410141010101010101415141414141414152828287716372525
00000000000000000000000000000000000000000131414143131313122181818222222222222222222222222222222222222222222222222222222222222222222222222222222222222222222222222222222342222342234223434343535353522181822222222181821212121212121212136363636363636363636211818221313131313131311115111128151515151515153131152828115555111111111111111111111111111111111111111132323232113131313131313131151111323232111111111111111111111111111111111111111111111111113227272727271111281515151514141414141414141414141414141414141414141414141414141414141414141414141415141014101010101415141414141414141515282871637252525
000000000000000000000000000000000000000001314141431313131221818182222222222222222222222222222222222222222222222222222222222222222222222222222222222222222222222222222222222342234223422343434353535222218182222222218182121212121213636363636363636363636363621182022131313131313131155112815151515313131313131152811115555111111111111111111111111111111111111323232321111313131313131313128113232323211111111111111111111111111111111111111111111111111113227272727271111151515151414141414141414141414141414141414141414141414141414141414141414141414151410141010101010151414141414141414152828287716252526
00000000000000000000000000000000000000000131414143131313122181818222222222222222222222222222222222222222222222222222222222222222222222222222222222222222222222222222222222222222222222222222222222222222218222222222218212136363636363636363636363636363636362118202213131313131313115511281515313131313131313115282811115555111111111111111111111111111111115325321111313131313131313115111132323211111111111111111111111111111111111111111111111111111111322727272727111115151514141414141414141414141414141414141414141414141414141414141414141414141415141014101010101415141414141414141515282871637252526
00000000000000000000000000000000000000000131414143131313122181818222222222222222222222222222222222222222222222222222222222222222222222222222222222222221818181818181818181818181818181818181818181818181818182222222218182121363636363636363636363636363636362118202022131313131313111151111281515313131313131313115282811115555111111111111111111111111111153253211112831313131313131312811323232321111111111111111111111111111111111111111111111111111111111322727272727111115151414141414141414141414141414141414141414141414141414141414141414141414151410141010101010151414141414141414152828287716252526
000000000000000000000000000000000000000001314141431313131221818182222222222222222222222222222222222222222222222222222222222222222222222222222222222221818222222222222222222222222222222222222222222222222221818222222221818212136363636363636363636363636362121182020221313131313222211551128151531313131313131313115282811115555551111111111111111555553211112831313131313131311511113232321111111111111111111111111111111111111111111111111111111111111132272727272711111514141414141414141414141414141414141414141414141414141414141414141414141415141010101010101415141414141414141515282871637252526
0000000000000000000000000000000000000000013141414313131312218181822222222222222222222222222222222222222222222222222222222222222222222222222222222221818222228282828282828282828282828282828282828282828282828182222222222181821212121363636363636363621212121181820202213131313282828111151111281515313131313131313131152828111111555555555555555511111128313131313131313131281132323232111111111111111111111111111111111111111111111111111111111111111132272727272711111414141414141414141414141414141414141414141414141414141414141414141414151410141010101010151414141414141415152828287716252526
0000000000000000000000000000000000000000013141414313131312218181822222222222222222222222222222222222222222222222222222222222222222222222222222222181822222815151515151515151515151515151515151515151515151515181822222222221818181821212121212121212121181818182020202213151515151515151155112815151531313131313131313115282828111111555555555555111111282831313131313131313115111132323211111111111111111111111111111111111111111111111111111111111111111111322727272727111114141414141414141414141414141414141414141414141414141414141414141414141514101010101010141514141414141415282828771637252526
0000000000000000000000000000000000000000013141414313131312222181818222222222222222222222222222222222222222222222222222222222222222222222222222218182222281514141414141414313131313131313131313131313131313131311818222220202220181818181818181818181818182020202020202022313131313131311111511252815153131313131313131313115152828281111111155555511111111282815313131313131313131312811323232321111111111111111111111111111111111111111111111111111111111111111111111322727272727111114141414141414141414141414141414141414141414141414141414141414141415141014101010101015141414141414141515282877716252526
00000000000000000000000000000000000000000131414143131313128222218181822222222222222222222222222222222222222222222222222222222222222222222222218182222281514141414141414141431313131313131313131313131313131313131181822222020202020202020202020202020202020202020202020223131313131313131115251125281515313131313131313131313115152828282811111111111111112828281515313131313131313131311511113232321111111111111111111111111111111111111111111111111111111111111111111111111132272727272711111414141414141414141414141414141414141414141414141414141414141414141514101010101010141514141414141415282828771637252526
0000000000000000000000000000000000000000013141414313131311528222218181822222222222222222222222222222222222222222222222222222222222222222222181822222815141414141414141414141431313131313131313131313131313131313131181822222020202020202020202020202020202020202020201822313131313131313111255251125281515313131313131313131313131151515282828282828282828281515313131313131313131313131281132323232111111111111111111111111111111111111111111111111111111111111111111111111111132272727272711111414141414141414141414141414141414141414141414141414141414141415141010101010101015141414141414141515282877716252526
00000000000000000000000000000000000000000131414143131313114152822221818182222222222222222222222222222222222222222222222222222222222222222181822222815141414141414141414141414143131151515151515151515151515151515151518182222202020202020202020202020202020202020201818151515151515151515151125525112815151531313131313131313131313131311515151515151515153131313131313131313131313131151111323232111111111111111111111111111111111111111111111111111111111111111111111111111111113227272727271111141414141414141414141414141414141414141414141414141414141414141514101010101010141514141414141415282828771637252526
0000000000000000000000000000000000000000013141414313131313114152822221818181818181818181818181818181818181818181818181818181818181818181818222228151414141414141414141414141431311515151515151515151515151515151515151515181818202020202020202020202020202020181818181515151515151515151515151125252525281515153131313131313131313131313131313131313131313131313131313131313131313131312811323251111111111111111111111111111111111111111111111111111111111111111111111111111111111113227272727271111141414141414141414141414141414141414141414141414141414141415141010101010101015141414141414141515282877716252526
0000000000000000000000000000000000000000013141414313131313131141528222218181818181818181818181818181818181818181818181818181818181818181822222815141414141414141414141414143131151528282828282828282828282828282828282828282818181820202020202020201818181818182828282828282828282828282828282825252525252815151531313131313131313131313131313131313131313131313131313131313131313131312811555511111111111111111111111111111111111111111111111111111111111111111111111111111111111132272727272711111414141414141414141414141414141414141414141414141414141414151410101010101014151414141414141528287771637252526
0000000000000000000000000000000000000000013141414313131313131311415282222222222222222222222222222222222222222222222222222222222222222222222281514141414141414141414141414313115152800000000000000000000000181818181818181818181800000000000000000000025252525252828151515313131313131313131313131313131313131313131313131313131313131313131281111555511111111111111111111111111111111111111111111111111111111111111111111111111111111111132272727272711111414141414141414141414141414141414141414141414141414141514101010101010101514141414141414151528777716252526
00000000000000000000000000000000000000000131414143131313131313131141528282828282828282828282828282828282828282828282828282828282828282828281514141414141414141414141414313115152800000000000000000000000000000000000000000000000000000000252525252525252815151531313131313131313131313131313131313131313131313131313131313131311528111155551111111111111111111111111111111111111111111111111111111111111111111111111111111111113227272727271111141414141414141414141414141414141414141414141414141414151410101010101014141414141414141528287771625252526
00000000000000000000000000000000000000000131414143131313131313131311415151515151515151515151515151515151515151515151515151515151515151515151414141414141414141414141431311515280000000000000000000000000000000000000000000000000000000001425252525252525281515151531313131313131313131313131313131313131313131313131313131313114152811115555111111111111111111111111111111111111111111111111111111111111111111111111111111111111322727272727111114141414141414141414141414141414141414141414141414151410101010101010151414141414141415152877163725252613
00000000000000000000000000000000000000000014141431313131313131313131141414141414141414141414141414141414141414141414141414141414141414141414141414141414141414141431311515280000000000000000000000000000000000000000000000000000000014141414142525252525252828151515151531313131313131313131313131313131311531313131313131313114141528111155511111111111111111111111111111111111111111111111111111111111111111111111111111111111111322727272727111114141414141414141414141414141414141414141414141414151410101010101014141414141414141528287771625252613
00000000000000000000000000000000000000000014141531313131313131313131141414141414141414141414141414141414141414141414141414141414141414141414141414141414141414143131151528000000000000000000000000000000000000000000000000000000141414141414141414252525252525252828151515151515153131313131313131313115151515153131313131313131141414152811115551111111111111111111111111111111111111111111111111111111111111111111111111111111111111132272727272711111414141414141414141414141414141414141414141414151410101010101010151414141414141415152877163725252613
000000000000000000000000000000000000000000141515313131313131313131311414141414141414141414141414141414141414141414141414141414141414141414141414141414141414143131151528000000000000000000000000000000000000000000000000000000141414141414141414141425252525252525252828281515151515151515151515151515151515151515313131313131311414141415281155551111111111111111111111111111111111111111111111111111111111111111111111111111111111111132272727272711111414141414141414141414141414141414141414141414151410101010101014141414141414141528287771625252613
00000000000000000000000000000000000000000002815153131313131313131312828282828282828282828282828282828282828282828282828282828282828282828281414141414141414313115151528000000000000000000000000000000000000000000000000000014141414141414141414141414142525252525252525252528282828151515151515151515152828281515151531313131313114141414152811115555111111111111111111111111111111111111111111111111111111111111111111111111111111111111113227272727271111141414141414141414141414141414141414141414151410141010101010151414141414141415152877163725252613
000000000000000000000000000000000000000000002815153131313131313128151515151515151515151515151515151515151515151515151515151515151515151415281414141414143131151515280000000000000000000000000000000000000000000000000001414141414141414141414141414252525252525252525252525252525252828282828282828282825252528151515153131313131141414141415281111555511111111111111111111111111111111111111111111111111111111111111111111111111111111111111322727272727111114141414141414141414141414141414141414141415141010101010101414141414141414152828716161625252613
0000000000000000000000000000000000000000000002815153131313131312815151515141514141414141414141414141414141414141414141414141414141414151428141414141431311515152800000000000000000000000000000000000000000000000000014141414141414141414142525252526262626262625252525252525252525252525252525252525252525252528151515153131313114141414141415281111555511111111111111111111111111111111111111111111111111111111111111111111111111111111111111322727272727111114141414141414141414141414141414141414151410141010101010151414141414141415152877163725252613
0000000000000000000000000000000000000000000000281515313131313128151515141514313131313131313131313131313131313131313131313131313114311415281414141431311515152800000000000000000000000000000000000000000000000000014141414141414141414142526262626131313131313131325252525252525252525252525252525252525252525252815151515313131141414141414141528111155551111111111111111111111111111111111111111111111111111111111111111111111111111111111111132272727272711111414141414141414141414141414141414141415141010101010101414141414141415152828716371625252613
0000000000000000000000000000000000000000000000028151531313131281515151514313131313131313131313131313131313131313131313131313131311415142831313131311515152800000000000000000000000000000000000000000000000000014141414141414141425252526131313131313131313131313131313252525252525252525252525252525252525252502815151515313114141414141414141528111155551111111111111111111111111111111111111111111111111111111111111111111111111111111111111132272727272711111414141414141414141414141414141414151410141010101010151414141414141528282877163725252613
000000000000000000000000000000000000000000000000281515151515281515151415143131313131313131313131313131313131313131313131313131143114152815151515151515280000000000000000000000000000000000000000000000000014141414141414141414252626261313131313131313131313131313131313131326252525252525252525252525152828282802815151515313114141414141414141528111155511111111111111111111111111111111111111111111111111111111111111111111111111111111111111113227272727271111141414141414141414141414141414141415141010101010101414141414141415152828716371625252613
0000000000000000000000000000000000000000000000000281515152828000000000000000000000000000000000000281515151515152800000000000000000000000000000000000000000000000000141414141414141414252526131313131313131313131313131313131313131313131313141414141414141414141015282828152802815151515313114141414141414141528111155511111111111111111111111111111111111111111111111111111111111111111111111111111111111111113227272727271111141414141414141414141414141414151410141014101010151414141414141528282877163725252613
0000000000000000000000000000000000000000000000000028282828000000000000000000000000000000000000002828282828280000000000000000000000000000000000000000000000000014141414141414252525262613131313131313131313131313131313131313131313131313131414141414141414141015282815282800281515151531311414141414141414152811115551111111111111111111111111111111111111111111111111111111111111111111111111111111111111111322727272727111114141414141414141414141414141415141010101010101414141414141415152828716371625252613
000000000000000000000000000000000000000000000000000000000000000000000000000000000000000000000000000000000000000000000000000000000000000000000000000141414141414142526262613131313131313131313131313131313131313131313131313131313141414141414141414101528282815282800281515151531311414141414141414152811115551111111111111111111111111111111111111111111111111111111111111111111111111111111111111111322727272727111114141414141414141414141414151410141014101010141414141414141528282877163725252613
0000000000000000000000000000000000000000000000000000000000000000000000000000000000000000000000000000000000000000000000000000000000000000000000000141414141414102525261313131313131313131313131313131313131313131313131313131313131314141414141414141410151528282815280002815151515313114141414141414141528115555111111111111111111111111111111111111111111111111111111111111111111111111111111111111111132272727272711111414141414141414141414141415141014101010101414141414141415152828716372525252613
000000000000000000000000000000000000000000000000000000000000000000000000000000000000000000000000000000000000000000000000000000000000000000000000141414141414102526261313131313131313131313131313131313131313131313131313131313131313141414141414141414101515282828281528000281515151531311414141414141415281111555511111111111111111111111111111111111111111111111111111111111111111111111111111111111111113227272727271111141414141414141414141415141014101410101014141414141414152828281637162525261313
00000000000000000000000000000000000000000000000000000000000000000000000000000000000000000000000000000000000000000000000000000000000000000000000141414141414102526282828131313131313131313131313131313131313131313131313131313131313131414141414141414141015151528281528280000281515151531311414141414141415281111555511111111111111111111111111111111111111111111111111111111111111111111111111111111111111113227272727271111141414141414141414141415141014101410101414141414141415152828716372525261313
0000000000000000000000000000000000000000000000000000000000000000000000000000000000000000000000000000000000000000000000000000000000000000000000141414141414102526282828281313131313131313131313131313131313131313131313131313131313131314141414141414141410151515282828152828000028151515153131141414141414141528111155551111111111111111111111111111111111111111111111111111111111111111111111111111111111111111322727272727111114141414141414141415141014101410101014141414141414152828281637252525261313
00000000000000000000000000000000000000000000000000000000000000000000000000000000000000000000000000000000000000000000000000000000000000000000014141414141410252628282828282813131313131313131313131313131313131313131313131313131313131014141414141414141015151515152828281528000002815151515313114141414141414152811115551111111111111111111111111111111111111111111111111111111111111111111111111111111111111111113227272727271111141414141414141414151410141014101014141414141414151528163716252526131313
00000000000000000000000000000000000000000000000000000000000000000000000000000000000000000000000000000000000000000000000000000000000000000000141414141414102526282828282828281313131313131313131313131313131313131313131313131313131313101414141414141414101515151515282828281528000002815151515313114141414141414152811115551111111111111111111111111111111111111111111111111111111111111111111111111111111111111111113227272727271111141414141414141514101410141014101414141414141415282871637252526131313
000000000000000000000000000000000000000000000000000000000000000000000000000000000000000000000000000000000000000000000000000000000000000000014141414141410252628282828282828282813131313131313131313131313131313131313131313131313131313101414141414141410101515151515152828152828000000281515151531311414141414141415281111555111111111111111111111111111111111111111111111111111111111111111111111111111111111111111111322727272727111114141414141414151410141014101014141414141414151528163725252526131313
