004003009
000000000000000000
019003008
0000000000000000
030003004
00000000
041003004
00000000
052003004
00000000
060003007
00000000000000
068003010
00000000000000000000
079003004
00000000
087003007
00000000000000
004004011
0001010101010101010000
018004010
00010101010101010100
030004004
00010100
041004004
00010100
052004004
00010100
058004009
000001010101010100
068004010
00010101010101010100
079004004
00010100
085004009
000001010101010100
004005012
000101010101010101010100
018005010
00010101010101010100
030005004
00010100
041005004
00010100
052005004
00010100
057005010
00010101010101010100
068005010
00010101010101010100
079005004
00010100
084005010
00010101010101010100
004006012
000001010000000000010100
017006012
000101010000000001010100
030006004
00010100
041006004
00010100
052006004
00010100
057006010
00010101000000000000
068006010
00000000010100000000
079006004
00010100
084006010
00010101000000000000
005007011
0001010000000000010100
017007004
00010100
025007004
00010100
030007004
00010100
041007004
00010100
052007004
00010100
057007004
00010100
071007004
00010100
079007004
00010100
084007004
00010100
005008010
00010101010101010100
017008004
00010100
025008004
00010100
030008004
00010100
041008004
00010100
052008004
00010100
057008008
0001010100000000
071008004
00010100
079008004
00010100
084008004
00010100
005009010
00010101010101010100
017009012
000101000000000000010100
030009004
00010100
041009004
00010100
052009004
00010100
058009008
0001010101010100
071009004
00010100
079009004
00010100
084009004
00010100
005010011
0001010000000000010100
017010012
000101010101010101010100
030010004
00010100
041010004
00010100
052010004
00010100
059010008
0000000000010100
071010004
00010100
079010004
00010100
084010004
00010100
004011012
000001010000000000010100
017011012
000101000000000000010100
030011010
00010100000000000000
041011010
00010100000000000000
052011004
00010100
057011010
00000000000000010100
071011004
00010100
079011004
00010100
084011010
00010101000000000000
004012012
000101010101010101010100
017012004
00010100
025012004
00010100
030012010
00010101010101010100
041012010
00010101010101010100
052012004
00010100
057012010
00010101010101010100
071012004
00010100
079012004
00010100
084012010
00010101010101010100
004013011
0001010101010101010000
017013004
00010100
025013004
00010100
030013010
00010101010101010100
041013010
00010101010101010100
052013004
00010100
057013010
00010101010101010000
071013004
00010100
079013004
00010100
085013009
000001010101010100
004014009
000000000000000000
017014004
00000000
025014004
00000000
030014010
00000000000000000000
041014010
00000000000000000000
052014004
00000000
057014009
000000000000000000
071014004
00000000
079014004
00000000
087014007
00000000000000
004018024
000000000000000000000000000000000000000000000000
035018024
000000000000000000000000000000000000000000000000
066018029
0000000000000000000000000000000000000000000000000000000000
102018019
00000000000000000000000000000000000000
128018010
00000000000000000000
148018063
000000000000000000000000000000000000000000000000000000000000000000000000000000000000000000000000000000000000000000000000000000
260018009
020202020202020202
004019026
0000000000000000000000000000000000000000000000000000
035019026
0000000000000000000000000000000000000000000000000000
066019029
0000000000000000000000000000000000000000000000000000000000
100019023
0000000000000000000000000000000000000000000000
128019010
00000000000000000000
148019065
0000000000000000000000000000000000000000000000000000000000000000000000000000000000000000000000000000000000000000000000000000000000
254019021
020202020202020202020202020202020202020202
004020027
000001010101010101010101010101010101010101010101000000
035020027
000001010101010101010101010101010101010101010101000000
066020030
000001010101010101010101010101010101010101010101010101000000
099020025
00000001010101010101010101010101010101010101000000
127020011
0000000101010101010000
147020067
00000001010101010100000000010101010101010101010101010101010101010101010101010000000001010101010101010101010101010101010101010101000000
251020027
020202020202020202020202020202020202020202020202020202
004021028
00000101010101010101010101010101010101010101010101010000
035021028
00000101010101010101010101010101010101010101010101010000
066021030
000001010101010101010101010101010101010101010101010101000000
098021027
000001010101010101010101010101010101010101010101010000
127021011
0000000101010101010000
147021068
0000000101010101010000000001010101010101010101010101010101010101010101010101000000000101010101010101010101010101010101010101010101010000
248021033
020202020202020202020202020202020202020202020202020202020202020202
004022029
0000010101010101010101010101010101010101010101010101010000
035022029
0000010101010101010101010101010101010101010101010101010000
066022030
000001010101010101010101010101010101010101010101010101000000
097022029
0000010101010101010101010101010101010101010101010101010000
127022011
0000000101010101010000
147022069
000000010101010101000000000101010101010101010101010101010101010101010101010100000000010101010101010101010101010101010101010101010101010000
246022037
02020202020202020202020202020202020202020202020202020202020202020202020202
004023030
000001010101010101010101010101010101010101010101010101000000
035023030
000001010101010101010101010101010101010101010101010101010000
066023030
000001010101010101010101010101010101010101010101010101000000
097023029
0000010101010101010101010101010101010101010101010101010000
127023011
0000000101010101010000
147023070
00000001010101010100000000010101010101010101010101010101010101010101010101010000000001010101010101010101010101010101010101010101010101010000
244023041
0202020202020202020202020202020202020202020202020202020202020202020202020202020202
004024134
0000010101010101010101010101010101010101010101010101010100000000000101010101010101010101010101010101010101010101010101000000000001010101010101010101010101010101010101010101010101000000000001010101010101010101010101010101010101010101010101010100000000000101010101010000
147024070
00000001010101010100000000010101010101010101010101010101010101010101010101010000000001010101010101010101010101010101010101010101010101010000
242024045
020202020202020202020202020202020202020202020202020202020202020202020202020202020202020202
004025134
0000010101010101010000000000000000000000000101010101010100000000000101010101010100000000000000000000000000010101010101000000000001010101010101010101010101010101010101010101010101000000000001010101010101010101010101010101010101010101010101010100000000000101010101010000
147025070
00000001010101010100000000010101010101010101010101010101010101010101010101010000000001010101010101000000000000000000000000000101010101010000
241025047
0202020202020202020202020202020202020202020202020202020202020202020202020202020202020202020202
004026134
0000010101010101010000000000000000000000000001010101010100000000000101010101010100000000000000000000000000000101010101010000000001010101010101000000000000000000000000000000000000000000000001010101010101010000000000000000000000010101010101010100000000000101010101010000
147026071
0000000101010101010000000001010101010101000000000000000000000000000000000000000000000101010101010100000000000000000000000000000101010101010000
240026049
02020202020202020202020202020202020202020202020202020202020202020303030303030202020202020202020202
005027133
00000101010101010000000000000000000000000000010101010100000000000001010101010100000000000000000000000000000001010101010000000000010101010101000000000000000000000000000000000000000000000101010101010101000000000000000000000000000101010101010101000000000101010101010000
147027071
0000000101010101010000000000010101010101000000000000000000000000000000000000000000000001010101010100000000000000000000000000000001010101010000
238027053
0202020202020202020202020202020202020202020202020202020202020202020202030303030303030303030202020202020202
006028030
000001010101010000000000000000000000000000010101010100000000
037028101
0000010101010100000000000000000000000000000001010101010000000000000101010101000000000000000000000000000000000000000000000101010101010100000000000000000000000000000001010101010101000000000101010101010000
146028072
000000010101010101010000000000000101010101000000000000000000000000000000000000000000000000010101010100000000000000000000000000000001010101010000
237028055
02020202020202020202020202020202020202020202040404040404040404040404040404030303030303030303030303020202020202
006029011
0000010101010100000000
025029011
0000010101010100000000
037029011
0000010101010100000000
057029081
000001010101010000000000000101010101000000000000000000000000000000000000000000000101010101010100000000000000000000000000000001010101010101000000000101010101010000
145029053
0000000001010101010101000000000000010101010100000000000000000000000000000000000000000000000001010101010000
207029011
0000000001010101010000
236029057
020202020202020202020202020202020204040404040404040404040404040404040404040403030303030303030303030303020202020202
006030011
0000010101010100000000
024030012
000000010101010100000000
037030011
0000010101010100000000
056030022
00000001010101010000000000000101010101000000
095030013
00000101010101010000000000
115030023
0000000000010101010101000000000101010101010000
144030013
00000000010101010101010000
158030011
0000000001010101010000
187030011
0000000001010101010000
208030010
00000001010101010000
235030059
0202020404020202020202020202020202040404040404040404040404040404040404040404040403030303030303030303030302020202020202
006031030
000001010101010000000000000000000000000001010101010100000000
037031070
00000101010101000000000000000000000000000001010101010100000000000001010101010000000000000000000000000000000000000000000001010101010100000000
116031041
0000000001010101010100000000010101010101000000000000000000000001010101010101010000
158031060
000000000101010101000000000000000000000000000000000000000000000000010101010100000000000000000000000000000101010101010000
234031061
02020205040202020202020202020204040404040404020202020202020202020202020202020202040403030303030303030303030302020202020202
006032030
000001010101010000000000000000000000000101010101010000000000
037032069
000001010101010000000000000000000000000001010101010101000000000000010101010100000000000000000000000000000000000000000000010101010101000000
117032039
000000010101010101000000000101010101010000000000000000000101010101010101010000
158032060
000000000101010101000000000000000000000000000000000000000000000000010101010100000000000000000000000000010101010101010000
233032063
020205040402020202020202020204040404040404020202060606060606060606060606060606060602020303030303030303030303030302020202020202
006033029
0000010101010101010101010101010101010101010101010100000000
037033069
000001010101010101010101010101010101010101010101010101000000000000010101010101010101010101010101010101010101010100000000010101010101000000
117033039
000000010101010101000000000101010101010101010101010101010101010101010101010000
158033060
000000000101010101010101010101010101010101010101010101000000000000010101010101010101010101010101010101010101010101010000
232033065
0202050404020202020202020202040404040402020206060606060606060606060606060606060606060606020303030303030303030303030202020202020202
006034029
0000010101010101010101010101010101010101010101010000000000
037034069
000001010101010101010101010101010101010101010101010100000000000000010101010101010101010101010101010101010101010100000000010101010101000000
117034038
0000000101010101010000000001010101010101010101010101010101010101010101010000
158034059
0000000001010101010101010101010101010101010101010101010000000000000101010101010101010101010101010101010101010101010000
232034065
0205040402020202020202020404040404020202060606060606060606060606060606060606060606060606060603030303030303030303030202020202020202
006035028
00000101010101010101010101010101010101010101010000000000
037035030
000001010101010101010101010101010101010101010101010100000000
068035038
0000010101010101010101010101010101010101010101010100000000010101010101000000
117035037
00000001010101010100000000010101010101010101010101010101010101010101010000
158035059
0000000001010101010101010101010101010101010101010101010000000000000101010101010101010101010101010101010101010101010000
231035067
02020404020202020202020204040404040202060606060606060606060606060606060606060606060606060606060303030303030303030303030202020202020202
006036027
000001010101010101010101010101010101010101010101000000
037036030
000001010101010101010101010101010101010101010101010100000000
068036038
0000010101010101010101010101010101010101010101010100000000010101010101000000
117036036
000000010101010101000000000101010101010101010101010101010101010101010000
158036059
0000000001010101010101010101010101010101010101010101010000000000000101010101010101010101010101010101010101010101010000
230036069
020205040202020202020202040404040402060606060707070706060606060606060606060606060606060606060606060303030303030303030303020202020202020202
006037027
000001010101010101010101010101010101010101010101010000
037037030
000001010101010101010101010101010101010101010101010000000000
068037084
000001010101010101010101010101010101010101010101010000000001010101010100000000000000000000000000000000000101010101010000000001010101010101010101010101010101010101010000
158037058
00000000010101010101010101010101010101010101010101010100000000000001010101010101010101010101010101010101010101010000
229037071
0202050402020202020202020404040404020606060607070707070706060606060606060606060606060606060606060606060606030303030303030303020202020202020202
006038028
00000101010101010101010101010101010101010101010101010000
037038029
0000010101010101010101010101010101010101010101010000000000
068038084
000001010101010101010101010101010101010101010101010000000001010101010100000000000000000000000000000000000101010101010000000001010101010101010101010101010101010101010000
158038057
000000000101010101010101010101010101010101010101010101000000000000010101010101010101010101010101010101010101010000
229038071
0205040402020202020202020404040402060606070707070707070706060606060606060606060606060606060606060606060606060602030303030303020202020202020202
006039028
00000101010101000000000000000000000000000101010101010000
037039028
00000101010101000000000000000001010101010101010000000000
068039084
000001010101010000000000000000000000000000000000000000000001010101010101010101010101010101010101010101010101010101010000000001010101010101010101010101010101010101010000
158039056
0000000001010101010000000000000000000000000000000000000000000000000101010101000000000000000001010101010101010000
228039073
02020504020202020202020204040404020606060707070707070707070606060606060606060606060606060606060606060606060606060602020403030303020203030202020202
006040029
0000080808080800000000000000000000000000000808080808080000
037040027
000008080808080000000000000000000008080808080808000000
068040085
00000808080808000000000000000000000000000000000000000000000808080808080808080808080808080808080808080808080808080808000000000808080808080000000000000000080808080808080000
158040057
000000000808080808000000000000000000000000000000000000000000000000080808080800000000000000000000080808080808080000
228040073
02050404020202020202020404040402060606070707070707070707060606060606060606060606060606060606060606060606060606060606020204040402020202030303020202
006041030
000008080808080000000000000000000000000000000808080808000000
037041027
000008080808080000000000000000000000080808080808080000
068041085
00000808080808000000000000000000000000000000000000000000000808080808080808080808080808080808080808080808080808080808000000000808080808080000000000000000000808080808080000
158041028
00000000080808080800000000000000000000000000000000000000
187041029
0000000008080808080000000000000000000000080808080808080000
227041075
020205040202020202020204040404020606060707070707070707070706060606060606060606060606060606060606060606060606060606060606020204040402020203030303020202
006042059
0000080808080800000000000000000000000000000008080808080000000000000808080808000000000000000000000000080808080808080000
068042085
00000808080808000000000000000000000000000000000000000000000808080808080808080808080808080808080808080808080808080808000000000808080808080000000000000000000808080808080000
158042027
000000000808080808000000000000000000000000000000000000
187042030
000000000808080808000000000000000000000000080808080808080000
227042075
020504040202020202020404040402060606070707070707070707070706060606060606060606060606060606060606060606060606060606060606060202040404020202030303020202
006043011
0000080808080800000000
026043022
00000808080808000000000000080808080800000000
054043012
000000080808080808000000
068043010
00000808080808000000
095043059
0000080808080808080808080808080808080808080808080808080808080800000000080808080808000000000000000000080808080808080000
158043011
0000000008080808080000
187043011
0000000008080808080000
203043014
0000000000000808080808080000
226043077
0202050402020202020202040404040606060707070707070707070707060606060606060606060606060606060606060606060606060606060606060606060202040402020202030302020202
005044012
000008080808080800000000
025044023
0000000808080808000000000000080808080800000000
055044083
0000080808080808000000000000080808080808000000000000000000000000000000000000000000000808080808080000000000000000000000000000000000080808080808000000000808080808080000
142044012
000000000808080808080000
158044040
00000008080808080800000000000000000000000000000000000000000000000008080808080000
205044012
000000000808080808080000
226044077
0205040402020202020204040404020606070707070707070707070707060606060606060606060606060606060606060606060606060606060606060606060602040404020202020203020202
004045044
0000080808080808080000000000000000000000000000080808080808000000000000080808080800000000
055045083
0000080808080808080000000008080808080808000000000000000000000000000000000000000000000808080808080000000000000000000000000000000000080808080808000000000808080808080000
143045011
0000000808080808080000
158045040
00000808080808080800000000000000000000000000000000000000000000000008080808080000
205045013
00000000080808080808080000
226045077
0205040402020202020204040402060606070707070707070707070706060606060606060606060606060606060606060606060606060606060606060606060602020404020202020202020202
004046044
0000080808080808080000000000000000000000000008080808080808000000000000080808080800000000
056046082
00000808080808080000000008080808080808080808080808080808080808080808080808000000000808080808080000000000000000000000000000000000080808080808000000000808080808080000
143046012
000000080808080808080000
157046041
0000000808080808080808080808080808080808080808080808080800000000000008080808080000
206046012
000000000808080808080000
225046079
02020504040202020202040404040206060707070707070707070707070606060606060606060606060606060606060606060606060606060606060606060606060602040402020202020202020202
004047044
0000080808080808080808080808080808080808080808080808080800000000000000080808080800000000
056047082
00000808080808080000000008080808080808080808080808080808080808080808080808000000000808080808080000000000000000000000000000000000080808080808000000000808080808080000
143047012
000000000808080808080000
156047042
000000000808080808080808080808080808080808080808080808080800000000000008080808080000
206047012
000000000808080808080000
225047079
02050404040202020202040404020606060707070707070707070707060606060606060606060606060606060606060606060606060606060606060606060606060606020404020202020202020202
004048032
0000080808080808080808080808080808080808080808080808080800000000
037048011
0000080808080800000000
056048050
0000080808080808000000000808080808080808080808080808080808080808080808080800000000080808080808000000
117048021
000000080808080808000000000808080808080000
144048011
0000000808080808080000
156048042
000000000808080808080808080808080808080808080808080808080800000000000008080808080000
206048012
000000000808080808080000
225048079
02050404020202020204040404020606070707070707070707070706060606060606060606060606060606060606060606060606060606060606060606060606060606020404020202020202020202
004049032
0000080808080808080808080808080808080808080808080808080000000000
037049011
0000080808080800000000
056049050
0000080808080808000000000808080808080808080808080808080808080808080808080800000000080808080808000000
117049021
000000080808080808000000000808080808080000
144049054
000000080808080808080000000000000808080808080808080808080808080808080808080808080800000000000008080808080000
206049012
000000000808080808080000
224049081
020205040402020202020404040406060607070707070707070707060606060606060606060606060606060606060606060606060606060606060606060606060606060606020404020202020202020202
004050031
00000808080808080808080808080808080808080808080808080000000000
037050011
0000080808080800000000
056050050
0000080808080808000000000808080808080808080808080808080808080808080808080800000000080808080808000000
117050021
000000080808080808000000000808080808080000
144050054
000000000808080808080000000000000808080808080808080808080808080808080808080808080800000000000008080808080000
206050012
000000000808080808080000
224050081
020505040404020402040404040206060707070707070707070706060606060606060606060606060606060606060606060606060606060606060606060606060606060606020404020202020202020202
004051031
00000808080808080808080808080808080808080808080800000000000000
037051011
0000080808080800000000
056051050
0000080808080808000000000808080808080808080808080808080808080808080808080800000000080808080808000000
117051021
000000080808080808000000000808080808080000
145051053
0000000808080808080800000000000808080808080808080808080808080808080808080808080800000000000008080808080000
206051012
000000000808080808080000
224051081
020504040402020202040404040206060707070707070707070606060606060606060606060606060606060606060606060606060606060606060606060606060606060606020404020202020202020202
004052030
000000000000000000000000000000000000000000000000000000000000
037052011
0000000000000000000000
056052050
0000000000000000000000000000000000000000000000000000000000000000000000000000000000000000000000000000
117052021
000000000000000000000000000000000000000000
145052053
0000000000000000000000000000000000000000000000000000000000000000000000000000000000000000000000000000000000
206052012
000000000000000000000000
224052081
020504040204020402040404040206060707070707070707060606060606060606060606060606060606060606060606060606060606060606060606060606060606060606060204040202020202020202
004053029
0000000000000000000000000000000000000000000000000000000000
037053011
0000000000000000000000
056053050
0000000000000000000000000000000000000000000000000000000000000000000000000000000000000000000000000000
117053021
000000000000000000000000000000000000000000
145053053
0000000000000000000000000000000000000000000000000000000000000000000000000000000000000000000000000000000000
206053012
000000000000000000000000
224053081
020504040402020204040404020606060707070707070606060606060606060606060606060606060606060606060606060606060606060606060606060606060606060606060204040202020202020202
005054026
0000000000000000000000000000000000000000000000000000
038054010
00000000000000000000
057054049
00000000000000000000000000000000000000000000000000000000000000000000000000000000000000000000000000
117054021
000000000000000000000000000000000000000000
146054040
00000000000000000000000000000000000000000000000000000000000000000000000000000000
187054010
00000000000000000000
206054011
0000000000000000000000
224054081
020504040204020402040404020606060607070706060606060603030303030306060606060606060606060606060606060606060603030303030606060606060606060606060204040202020202020202
006055023
0000000000000000000000000000000000000000000000
039055009
000000000000000000
058055048
000000000000000000000000000000000000000000000000000000000000000000000000000000000000000000000000
117055020
0000000000000000000000000000000000000000
146055039
000000000000000000000000000000000000000000000000000000000000000000000000000000
187055009
000000000000000000
206055010
00000000000000000000
223055083
0202050404040204020404040402060606060606060606060606030303030303030306060606060606060606060606060606060606030303030303030606060606060606060606020404020202020202020202
223056083
0205050404040404040404050406060606060606060606060603030303030303030303060606060606060606060606060606060603030303030303030306060606060606060606020404020202020202020202
004057024
000000000000000000000000000000000000000000000000
041057019
00000000000000000000000000000000000000
066057029
0000000000000000000000000000000000000000000000000000000000
105057023
0000000000000000000000000000000000000000000000
223057083
0205050404040404040404050206060606060606060606060603030303030303030303060606060606060606060606060606060603030303030303030306060606060606060606060404020202020202020202
004058026
0000000000000000000000000000000000000000000000000000
039058023
0000000000000000000000000000000000000000000000
066058029
0000000000000000000000000000000000000000000000000000000000
101058027
000000000000000000000000000000000000000000000000000000
223058083
0205050404040404040404050206060606060606060606060303030303030303030303030606060606060606060606060606060303030303030303030303060606060606060606060204020202020202020202
004059027
000008080808080808080808080808080808080808080808000000
038059025
00000008080808080808080808080808080808080808000000
066059030
000008080808080808080808080808080808080808080808080808000000
099059029
0000000000000808080808080808080808080808080808080808080000
223059083
0205050504040404040404050206060606060606060606060303030303030303030303030606060606060606060606060606060303030303030303030303060606060606060606060204020202020202020202
004060028
00000808080808080808080808080808080808080808080808080000
037060027
000008080808080808080808080808080808080808080808080000
066060030
000008080808080808080808080808080808080808080808080808000000
098060030
000000080808080808080808080808080808080808080808080808080000
223060083
0205050505040404040405050206060606060606060606060303030303030303030303030606060606060606060606060606060303030303030303030303060606060606060606060204020202020202020202
004061029
0000080808080808080808080808080808080808080808080808080000
036061029
0000080808080808080808080808080808080808080808080808080000
066061030
000008080808080808080808080808080808080808080808080808000000
097061031
00000808080808080808080808080808080808080808080808080808080000
223061083
0205050505050505050505050206060606060606060606060303030303030303030303030606060606060606060606060606060303030303030303030303060606060606060606060202020202020202020202
004062030
000008080808080808080808080808080808080808080808080808000000
036062092
0000080808080808080808080808080808080808080808080808080000000000080808080808080808080808080808080808080808080808080000000000080808080808080808080808080808080808080808080808080808080000
223062083
0205050505050505050505050206060606060606060606060303030303030303030303030606060606060606060606060606060303030303030303030303060606060606060606060202020202020202020202
004063124
00000808080808080808080808080808080808080808080808080808000000000008080808080808080808080808080808080808080808080808080800000000080808080808080808080808080808080808080808080808080000000000080808080808080808080808080808080808080808080808080808080000
222063085
09020510050505050505050505020606060606060606060606030303030303030303030303060606060606060606060606060606030303030303030303030306060606060606060606020202020202020202020211
004064124
00000808080808080800000000000000000000000008080808080808000000000008080808080808000000000000000000000000000808080808080800000000080808080808080808080808080808080808080808080808080000000008080808080808080808080808080808080808080808080808080808080000
220064088
09090602100505050505050505050502060606060606060606060603030303030303030303030306060606060606060606060606060603030303030303030303030606060606060606060602020202020202020202020911
004065124
00000808080808080800000000000000000000000000080808080808000000000008080808080800000000000000000000000000000008080808080800000000000000000000000000080808080808080000000000000000000000000008080808080808080000000000000000000000000000000000000000000000
219065089
0909060902051005100510051005050502060606060606060606060603030303030303030303030306060606060606060606060606060603030303030303030303030606060606060606060602020202020202020202020911
005066123
000008080808080800000000000000000000000000000808080808000000000008080808080800000000000000000000000000000008080808080800000000000000000000000000080808080808080000000000000000000000000008080808080808000000000000000000000000000000000000000000000000
218066090
090909090602100510050505050505050502060606060606060606060603030303030303030303030306060606060606060606060606060603030303030303030303030606060606060606060602020202020202020202020911
006067122
0000080808080800000000000000000000000000000808080808000000000008080808080000000000000000000000000000000000080808080800000000000000000000000000080808080808080000000000000000000000000008080808080800000000000000000000000000000000000000000000000000
217067091
09090909060902101005100510051005050502060606060606060606060603030303030303030303030306060606060606060606060606060603030303030303030303030606060606060606060602020202020202020202020909
006068011
0000080808080800000000
025068022
00000808080808000000000008080808080000000000
057068071
0000080808080800000000000000000000000000080808080808080000000000000000000000000008080808080800000000000000000000000000000000000000000000000000
217068091
12090906090602101010051005100510050502060606060606060606060603030303030303030303030306060606060606060606060606060603030303030303030303030606060606060606060602020202020202020202021309
006069011
0000080808080800000000
024069022
00000008080808080000000000080808080800000000
057069011
0000080808080800000000
075069012
000008080808080808000000
095069012
000008080808080800000000
217069091
14121212151402021010101010101010050502060606060606060606060603030303030303030303030306060606060606060606060606060603030303030303030303030606060606060606060602020202020202020202131309
006070040
00001616161616000000000000000000000000001616161616160000000000161616161600000000
057070011
0000161616161600000000
075070012
000016161616161616000000
095070024
000016161616161616000000000000000000000000000000
217070091
14121414141514021010101010101010050502060606060606060606060603030303030303030303030306060606060606060606060606060603030303030303030303030606060606060606060602020202020202020202131309
006071040
00001616161616000000000000000000000000161616161616000000000000161616161600000000
057071011
0000161616161600000000
075071012
000016161616161616000000
095071027
000016161616161616160000000000000000000000000000000000
217071091
14121413141415021010101010101010050502060606060606060606060603030303030303030303030306060606060606060606060606060603030303030303030303030606060606060606060602020202020202020202131309
006072040
00001616161616161616161616161616161616161616161616000000000000161616161600000000
057072011
0000161616161600000000
075072012
000016161616161616000000
095072029
0000161616161616161616161616161616161616161616000000000000
217072091
14121413131514021010101010101010050502060606060606060606060603030303030303030303030306060606060606060606060606060603030303030303030303030606060606060606060202020202020202020402131309
006073040
00001616161616161616161616161616161616161616161600000000000000161616161600000000
057073011
0000161616161600000000
075073012
000016161616161616000000
095073030
000000161616161616161616161616161616161616161616161616000000
217073091
14121413131415021010040404101010050502060606060606060606060603030303030303030303030306060606060606060606060606060603030303030303030303030606060606060606060202020202020202020202131309
006074028
00001616161616161616161616161616161616161616160000000000
035074011
0000161616161600000000
057074011
0000161616161600000000
075074012
000016161616161616000000
096074030
000016161616161616161616161616161616161616161616161616160000
217074091
14121413131514021004040404101010050502060606060606060606060603030303030303030303030306060606060606060606060606060603030303030303030303030606060606060606060202020202020202020402131309
006075027
000016161616161616161616161616161616161616161616000000
035075011
0000161616161600000000
057075011
0000161616161600000000
075075012
000016161616161616000000
096075031
00000016161616161616161616161616161616161616161616161616160000
217075091
14121413131415020404040404041010050502020606060606060606060603030303030303030303030306060606060606060606060606060603030303030303030303030606060606060606060202020202020202020202131309
006076027
000016161616161616161616161616161616161616161616160000
035076011
0000161616161600000000
057076011
0000161616161600000000
075076012
000016161616161616000000
096076031
00000000001616161616161616161616161616161616161616161616160000
217076091
14121413131514020404040404041010050505020606060606060606060603030303030303030303030306060606060606060606060606060603030303030303030303030606060606060606060202020202020202020402131309
006077028
00001616161616161616161616161616161616161616161616160000
035077011
0000161616161600000000
057077011
0000161616161600000000
075077012
000016161616161616000000
097077031
00000000000000001616161616161616161616161616161616161616160000
217077091
14121413131415020404040404041010100505020606060606060606060603030303030303030303030306060606060606060606060606060603030303030303030303030606060606060606060202020202020202040402131309
006078028
00001616161616000000000000000000000000001616161616160000
035078011
0000161616161600000000
057078011
0000161616161600000000
075078012
000016161616161616000000
098078030
000000000000000000000000000000000000000016161616161616160000
217078091
14121413131514020404040404040410100505020606060606060606060603030303030303030303030306060606060606060606060606060603030303030303030303030606060606060606060202020202020202020402131309
006079040
00001616161616000000000000000000000000000016161616161600000000161616161600000000
057079011
0000161616161600000000
075079012
000016161616161616000000
099079029
0000000000000000000000000000000000000000161616161616160000
217079091
14141213131415020404040404040410100505020606060606060606060606030303030303030303030606060606060606060606060606060603030303030303030303030606060606060606060202020202020202040402131309
006080040
00001616161616000000000000000000000000000000161616161600000000161616161600000000
057080011
0000161616161600000000
075080012
000016161616161616000000
101080027
000000000000000000000000000000000000001616161616160000
218080090
141213131514020404040404040410100505020606060606060606060606030303030303030303030606060606060606060606060606060606030303030303030303060606060606060606060202020202020204040202131309
006081040
00001616161616000000000000000000000000000000161616161600000000161616161600000000
057081011
0000161616161600000000
075081012
000016161616161616000000
105081023
0000000000000000000000000000001616161616160000
218081090
141213131415020404040404040410100505020606060606060606060606030303030303030303030606060606060606060606060606060606030303030303030303060606060606060606060202020202020402040213131309
006082011
0000161616161600000000
026082020
0000161616161600000000161616161600000000
057082011
0000161616161600000000
075082012
000016161616161616000000
116082012
000000001616161616160000
218082090
141213131514020204040404040410100505020606060606060606060606030303030303030303030606060606060606060606060606060606030303030303030303060606060606060606020202020202020204040213131309
005083012
000016161616161600000000
025083021
000000161616161600000000161616161616000000
056083012
000016161616161600000000
075083012
000016161616161616000000
095083033
000000000000000000000000000000000000000000000000161616161616160000
218083090
141213131315140204040404040410100505020606060606060606060606060303030303030303060606060606060606060606060606060606060303030303030306060606060606060606020202020202020404040213131309
004084064
00001616161616161600000000000000000000000000001616161616160000000016161616161600000000000000000000000000000016161616161600000000
075084012
000016161616161616000000
095084033
000000000000000000000000000000000000000000000016161616161616160000
218084089
1412141313141502040404040404101005050206060606060606060606060606030303030303060606060606060606060606060606060606060603030303030303060606060606060606060202020202020402040402131309
004085064
00001616161616161600000000000000000000000000161616161616160000000016161616161616000000000000000000000000001616161616161600000000
075085012
000016161616161616000000
095085033
000016161616161616161616161616161616161616161616161616161616160000
218085089
1412141313151402100404040404101010050206060606060606060606060606060606060606060606060606060606060606060606060606060606030303030306060606060606060606060202020202040204040402131309
004086064
00001616161616161616161616161616161616161616161616161616000000000016161616161616161616161616161616161616161616161616161600000000
075086012
000016161616161616000000
095086033
000016161616161616161616161616161616161616161616161616161616000000
218086089
1414121313141502100404040404041010050206060606060606060606060606060606060606060606060606060606060606060606060606060606060606060606060606060606060606060202020202020404040402131309
004087064
00001616161616161616161616161616161616161616161616161616000000000000161616161616161616161616161616161616161616161616160000000000
075087012
000016161616161616000000
095087032
0000161616161616161616161616161616161616161616161616161616160000
219087088
14121313151402100404040404041010050206060606060606060606060606060606060606060606060606060606060606060606060606060606060606060606060606060606060606060202020202040204040402131309
004088063
000016161616161616161616161616161616161616161616161616000000000000001616161616161616161616161616161616161616161616161600000000
075088012
000016161616161616000000
095088032
0000161616161616161616161616161616161616161616161616161616000000
219088088
14121313141502100404040404041010050206060606060606060606060606060606060606060606060606060606060606060606060606060606060606060606060606060606060606060202020204020404040402131309
004089031
00001616161616161616161616161616161616161616161616160000000000
037089030
000016161616161616161616161616161616161616161616160000000000
075089012
000016161616161616000000
095089032
0000161616161616161616161616161616161616161616161616160000000000
219089088
14121313151402100404040404101010050202060606060606060606060606060606060606060606060606060606060606060606060606060606060606060606060606060606060606060202020402040404040402131309
004090030
000016161616161616161616161616161616161616161616000000000000
038090028
00000016161616161616161616161616161616161616000000000000
075090012
000016161616161616000000
095090031
00001616161616161616161616161616161616161616160000000000000000
219090088
14121313141502101004040404101010050502060606060606060606060606060606060606060606060606060606060606060606060606060606060606060606060606060606060606060202040204040404040402131309
004091029
0000000000000000000000000000000000000000000000000000000000
039091026
0000000000000000000000000000000000000000000000000000
075091012
000000000000000000000000
095091030
000000000000000000000000000000000000000000000000000000000000
219091088
14121413151402101004040410101010050502060606060606060606060606060606060606060606060606060606060606060606060606060606060606060606060606060606060606060204020402040404040202131309
004092028
00000000000000000000000000000000000000000000000000000000
040092024
000000000000000000000000000000000000000000000000
075092012
000000000000000000000000
095092029
0000000000000000000000000000000000000000000000000000000000
219092088
14121413141502101010041010101010050502060606060606060606060606060606060606060606060606060606060606060606060606060606060606060606060606060606060606060202040204040404040213131309
005093026
0000000000000000000000000000000000000000000000000000
041093022
00000000000000000000000000000000000000000000
075093012
000000000000000000000000
095093027
000000000000000000000000000000000000000000000000000000
219093088
14141213151402021010101010101010050502060606060606060606060606060606060606060606060606060606060606060606060606060606060606060606060606060606060606020204020404040404040213131309
006094023
0000000000000000000000000000000000000000000000
042094019
00000000000000000000000000000000000000
076094011
0000000000000000000000
095094023
0000000000000000000000000000000000000000000000
220094086
1412131315140210101010101010100505020606060606060606060606060606060606060606060606060606060606060606060606060606060606060606060606060606060606060202020404040404040402131313
220095086
1412131314150210101010101010100505020606060606060606060606060606060606060606060606060606060606060606060606060606060606060606060606060606060606060202040204040404040402131309
220096086
1412131315140210101010101010100505020206060606060606060606060606060606060606060606060606060606060606060606060606060606060606060606060606060607060204020404040404040402131309
220097086
1412131314150210101010101010101005050206060606060606060606060606060606060606060606060606060606060606060606060606060606060606060606060606060706060202040404040404040402131309
220098086
1412141315140210101010101010101005050206060606060606060606060606060606060606060606060606060606060606060606060606060606060606060606060606070607060204040404040204040402131309
220099086
1412141314150210101010101010101005050206060606060606060606060606060606060606060606060606060606060606060606060606060606060606060606060607060706060204040404040404040202131309
220100086
1414121315140210101010101010101005050206060606060606060606060606060606060606060606060606060606060606060606060606060606060606060606060606070607060204040404040204040202131309
221101085
14121314150210101010101004101005050206060606060606060606060606060606060606060606060606060606060606060606060606060606060606060606060607060706060204040404040404040213131309
221102084
141214151402101010101004040410050502020606060606060606060606060606060606060606060606060606060606060606060606060606060606060606060607060706060202040404040402040402131313
221103084
141214141502101010100404040410050505020606060606060606060606060606060606060606060606060606060606060606060606060606060606060606060706070607060202040404040404040402131313
221104084
121214151402101010100404040410100505020606060606060606060606060606060606060606060606060606060606060606060606060606060606060606070607060707060202040404040402040402131313
222105083
1214141502021010100404040404100505020606060606060606060606060606060606060606060606060606060606060606060606060606060606060607060706070707060204040404040204040402131309
223106082
12141415021010100404040404040505020206060606060606060606060606060606060606060606060606060606060606060606060606060606060706070607070707060204040404040402040402131309
224107080
1215140210101004040404040405050502060606060606060606060606060606060606060606060606060606060606060606060606060606060706070607060707070602040404040402040402021313
225108078
121502101010040404040404040505020606060606060606060606060606060606060606060606060606060606060606060606060606060706070607060707070706020404040404040204020213
226109076
12021010100404040404040405050206060606060606060606060606060606060606060606060606060606060606060606060606060706070607060707070706020204040404040204040213
227110074
0202101004040404040404050502060606060606060606060606060606060606060606060606060606060606060606060606060706070607060707070707060202040404040202020402
228111073
02101004040404040404050502020606060606060606060606060606060606060606060606060606060606060606060606070607060706070607070707060202040404040402040402
228112073
02101004040404040404050502020606060606060606060606060606060606060606060606060606060606060606060607060706070607060707070707060204040404040202020402
228113073
02101004040404040404040505020606060606060606060606060606060606060606060606060606060606060606060606070607060706070707070707060204040404040402040402
228114073
02021010040404040404040505020606060606060606060606060606060606060606060606060606060606060606070607060706070607070707070707060204040404040202020402
229115072
021010040404040404040505020606060606060606060606060606060606060606060606060606060606060606060606070607060706070707070707060204040404040402020402
229116072
021010040404040404040505020206060606060606060606060606060606060606060606060606060606060706070607060706070607070707070706020204040404040202020402
229117072
021010040404040404040505020206060606060606060606060606060606060606060606060606060606060606060606060607060707070707070706020204040404020202020202
229118071
0210100404040404040404050502060606060606060606060606060606060606060606060606060606070606060706070607060707070707070707060204040404040402020202
230119070
02101004040404040404050502020606060606060606060606060606060606060606060606060606060606060606060606070707070707070707060204040404040202020202
230120070
02101004040404040404040505020206060606060606060606060606060606060606060606060606060607060606070607060707070707060606020204040404040402020202
230121070
02021004040404040404040405050502020606060606060606060606060606060606060606060606060606060606060606070607060706020202020404040404040202020202
231122069
021004040404040404040404050505050202020606060606060606060606060606060606060606060606060706060607060606060602020402040404040404020202020202
231123069
021010040404040404040404040405050505020202020606060606060606060606060606060606060606060606060606060202020202040204020404040404020202020202
231124068
0210100404040404040404040404040505050505050202020202060606060606060606060606060602020202020202020202020402040404040404040404040202020202
232125067
02101004040404040404040404040505050505050505020202020202020202020202020202020202020202020204020402040204020402040204040404040202020202
232126067
02101004040404040404040404040505050504040402040204020202020202020202020202020202020202020202020202020402040204040404040404040202020202
232127067
02020505040404040404040404040505050404040202020202020202020202020202020202020202020202020202020202020202020402040204020404020202020202
133128012
171717171717171717171717
233128065
0202050505040404040404040405050504040204020402020204020202020202020202020202020202020204020204020204020402040204040404040202020202
128129020
1717171717171717171717171717171717171717
234129063
020205050505040404040404050505040204020202020202020202020202020202020202020202020202020202020202020202020204020402040402020202
126130025
17171717171717171717171717171717171717171717171717
235130061
02020205050505050404040505050404020402040204020202020202020202020202020202020202020202020202020202040204020404040404020202
123131030
171717171717171717171717171717171717171717171717171717171717
237131058
02020205050505050405050504020402020202020202020202020202020202020202020202020202020204020204020204040404040404020202
121132033
171717171717171717171717171717171717171718181817171717171717171717
238132055
02020202050505050505050404020402040202020402020202020202020202020202020202020202020202020204040404040404020202
120133035
1717171717171717171717171719191919191919191918181818181818171717171717
241133050
0202020505050505050404020202020202020202020202020202020202020202020202020202020204040404040402020202
118134039
171717171717171717171719191919191919191919191919181818181818181818181717171717
243134045
020202020505050504040204020402020202020202020202020202020202020202020404040404040402020202
117135041
1717171717171717171919191919191717171717171717171717181818181818181818181817171717
246135039
020202020202020402020202020202020202020202020202020202020404040404040202020202
116136043
17171717171717191919191917171717172020202020202020202020181818181818181818181817171717
252136029
0202020204020402020202020202020202020204040404040202020202
115137045
171717171717171919191917171717202020202020202020202020202020181818181818181818181717171717
255137022
02020202020202020202020202020202020202020202
114138047
1717171717171919191917171720202020202020202020202020202020202018181818181818181818181717171717
264138004
02020202
113139049
17171717171719191917171720202020202020202020202020202020202020202018181818181818181818181717171717
112140050
1717171717171919191717202020202020202020202020202020202020202020202020181818181818181818181817171717
111141052
17171717171719191917172020202020202020202020202020202020202020202020202020181818181818181818181717171717
111142053
1717171717191919171720202020202020202020202020202020202020202020202020202020202020202018181818181717171717
110143057
171717171719191917172020202020202020202020202020202020202020202020202020202020202020202020201718181717171717131313
109144060
171717171717191919172020202020202020202020202020202020202020202020202020202020202020202020202020171719171717172109131313
109145061
17171717171919191720202020202020202020202020202020202020202020202020202020202020202020202020202020171917171717212209091313
108146063
171717171717191917172020202020202020202020202020202020202020202020202020202020202020202020202020181818171717171717232209091313
108147063
171717171719191917202020202020202020202020202020202020202020202020202020202020202020202020202020181818181817171717212322090913
108148064
17171717171919171720202020202020202020202020202020202020202020202020202020202020202020202020202020181818181817171721222309091313
107149065
1717171717191919172020202020202020202020202020202020202020202020202020202020202020202020202020202020201818181817171721232209090913
107150066
171717171719191717202020202020202020202020202020202020202020202020202020202020202020202020202020202020202017171717172122230909091313
107151066
171717171719191720202020202020202020202020202020202020202020202020202020202020202020202020202020202020202020171717212223220909090913
106152067
17171717171719191720202020202020202020202020202020202020202020202020202020202020202020202020202020202020202020171717212322230909090913
106153067
17171717171919171720202020202020202020202020202020202020202020202020202020202020202020202020202020202020202020171717212223220909090913
106154068
1717171717191917202020202020202020202020202020202020202020202020202020202020202020202020202020202020202020202017171721232223090909091313
106155068
1717171717191917202020202020202020202020202020202020202020202020202020202020202020202020202020202020202020202017171721222322090909091313
106156068
1717171717191917202020202020202020202020202020202020202020202020202020202020202020202020202020202020202020201717172122232209090909131313
259156026
1313131313131313131313131313131313131313131313131313
105157069
171717171719191717202020202020202020202020202020202020202020202020202020202020202020202020202020202020202020201717172123222322090909131313
250157044
1313131313131313131313131313131313131313131313131313131313131313131313131313131313131313
105158069
171717171719191717202020202020202020202020202020202020202020202020202020202020202020202020202020202020202020171717212322232209090913131313
244158056
1313131313131313131313131313131313242424242424242424242424242424242424242424131313131313131313131313131313131313
105159070
17171717171919172020202020202020202020202020202020202020202020202020202020202020202020202020202020202020201717171721222322090909091313131313
240159064
13131313131313131313131313132424242424242425252525252525252525252525252525252525252524242424242424131313131313131313131313131313
105160070
17171717171919172020202020202020202020202020202020202020202020202020202020202020202020202020202020202020171717172122232209090909131313131313
236160072
131313131313131313130909092424242424252525252525251212121212121212121212121212121212121212122525252525252524242424241313131313131313131313131313
105161070
17171717171919172020202020202020202020202020202020202020202020202020202020202020202020202020202020202017171717212223220909090909131313131313
233161078
131313131313131313130909092424242525252525121212121212121212121212121212121212121212121212121212121212121212121225252525252424241313131313131313131313131313
105162070
17171717171919172020202020202020202020202020202020202020202020202020202020202020202020202020202020201717172121222322090909090913131313131313
184162012
262626262626262626262626
231162082
13131313131313131313090924242425252527272712121212121212121212121212121212121212121212121212121212121212121212121212121212122525252524242413131313131313131313131313
105163070
17171717171919172020202020202020202020202020202020202020202020202020202020202020202020202020202017171717212322232209090909091313131313131313
180163020
2626262626262626262626262626262626262626
229163086
1313131313131313131313092424252525272727272712121212121212121212121212121212121212121212121212121212121212121212121212121212121225252525252525242413131313131313131313131313
105164070
17171717171919172020202020202020202020202020202020202020202020202020202020202020202020202020201717171721232223220909090909131313131313131313
177164026
2626262626262626262626262626262626262626262626262626
228164088
13131313131313131313130924252527272727272727271212121212121212121212121212121212121212121212121212121212121212121212121212121212252525252525252525252413131313131313131313131313
105165100
17171717171919172020202020202020202020202020202020202020202020202020202020202020202020202020171717172123222322090909090913131313131313131313262626262626262626262626262626262626262626262626262626262626
227165090
131313131313131313131309252727272727272727272727271212121212121212121212121212121212281228122812121212121212121212121212121212252525252525121212122525252513131313131313131313131313
105166102
171917171719191720202020202020202020202020202020202020202020202020202020202020202020202017171717212123222322090909090913131313131313131326262626262626262626101010101010101311111111262626262626262626262626
226166092
1313131313131313131313092527272727272727272727272727271212121212121212122812281228122812281228122812281228122812121212121212252525252512121212121212121225252513131313131313131313131313
105167104
1719171717191917202020202020202020202020202020202020202020202020202020202020202020202017171721210923222322090909090914131313131313132610261026262626261010101010101010101013111111111111111126262626262626262626
226167092
1313131313131313131314092727272727272727272727272727272712121228122812281228122727272727272727272727272712281228122812281225252525121212121212121212121212252513131313131313131313131313
105168105
171917171719191720202020202020202020202020202020202020202020202020202020202020202020171717212309232223220909090909141313131313131326102610262626101010101010101010101010101311111111111111111111112626262626262626
226168092
1313131313141314131413092727272727272727272727272727272728122812281227272727272727272727272727272727272727272727271228252825281212121212121212121212121212252513131313131313131313131313
105169106
17191717171919172020202020202020202020202020202020202020202020202020202020202020201717172123222322090909090909091413131313131313101026102626261010100404101010101010101010131313131313111111111111111126262626262626
225169094
14141314131413141314131413092727272727272727272727272727282728122727272727272727272727272727272727272727272727272727272727252812281212121212121212121212121225131313131313131313131313131327
105170107
1719171717191917202020202020202020202020202020202020202020202020202020202020202017171721232223220909090909091414141313131313131026101026261010100404040404101010101010101013131313131313131311111111111111262626262626
225170094
14131413141314131413141314130927272727272727272727272728272829272727272727272727272727272727272727272727272727272727272727272928122812121212121212121212122513131313131313131313131313130927
105171109
17191917171919172020202020202020202020202020202020202020202020202020202020202017171721232223220909090909091214141313131313101010102626261010100404040404041010101010101010131313303030303030131313111111111126262626262626
225171094
27141314131413141314131413131309272727272727272727272827282927272727272727272727272727272727272727272727272727272727272727272729281228121212121212121225251313131313131313131313131313130927
105172110
1717191717191917202020202020202020202020202020202020202020202020202020202020171717212322232209090909090912141413131313131004100410101010100404040404040404101010101010101013133030303030303030303013131111111126262626262626
224172096
271427141314131413141314131313131309092727272727272727272827292827272727272727272727272727272727272727272727272727272727272727282912282525252525252525250909131313131313131313131313131309272727
106173109
17211917191917202020202020202020202020202018202020202020202020202020202020171717212223220909090909121214141413131313131010041004101010101004040404040404041010101010101013133030303030303030303030301313111111112626262626
224173096
142727271413141314131313131313131313130909092727272727282728292928272727272727272727272727272727272727272727272727272727272728292928252825252525250909091313131313131313131313131313130927272727
106174110
1721191719191717202020202020202020202020181820202020202020202020202020201717172109232209090909091212121414131313131310100410041010101010101004040404040404101010101010101313303030303030303030303030303013111111112626262626
224174096
271427272714131413131313131313131313131313130909092727272827282929282828272727272727272727272727272727272727272727272728282829292825282525250909091313131313131313131313131313131313091427272727
106175111
172119171919171720202020202020202020201818182020202020202020202020202020171721092322090909090912121214141413131313101004040410101010101010101004040404040410101010101010131330303030303030303030303030303013111111112626262626
223175097
27142714272727141313131313131313131313131313131313130909090909272829292929282828282827272727272727272727272727282828282829292929282509090909091313131313131313131313131313131313130909142727271427
106176112
17211917191917172020202020202020202018181818182020202020202020202020201717172123220909090909121212121414141313131010040404041010101010101010101004040404040410101010101013133030303030303030303030303030303013111111112626262626
223176097
14271427142727271414130913131313131313131313131313131313131313131313131313132929292928282828282828282828282828292929290909090909090913131313131313131313131313131313131313131309091414272727142727
106177113
1717211919192117202020202020202020181818181818202020202020202020202020171717212209090909091212121212121414141310100404040410101010101010101010101004040404041010101010101313133030303030303030303030303030303013111111262626262626
223177097
27141414142727272727141409090913131313131313131313131313131313131313131313131313131313131313131313131313131313131313131313131313131313131313131313131313131313131313131309090914142727272727271427
107178112
17211919192117172020202020202018181818181818182020202020202020202020171721230909090909121214121212121414141310100404040410101010101010101010101010040404041010101010101010101030303030303030303030303030303030131111112626262626
222178098
2714271414141427272727272714141409090913131313131313131313131313131313131313131313131313131313131313131313131313131313131313131313131313131313131313131313131313131309090914141414272727272727142727
107179113
1721211919211717202020202020181818181818181818202020202020202020202017172109220909091212141312121212141414101004040404101010101010101010101010101010041010101010262626262626101010103030303030303030303030303030131111112626262626
222179098
1427141414141427272727272727272714141409090909091313131313131313131313131313131313131313131313131313131313131313131313131313131313131313131313131313131313130909090909091414271427142727272727271427
107180113
1721212119212117202020202018181818181818181818202020202020202020202017172123090909091214131313121212121414100404040410101010101010101010101010101010101010262626313131313131262626101010303030303030303030303030301311111126262626
222180098
2714141414141427272727272727272727272714141414140909090909131313131313131313131313131313131313131313131313131313131313131313131313131313131313130909090909090909090909141414142714272727272727142727
107181114
171721212121211720202020202018181818181818181820202020202020202020201717210922090914141313131312121212141010040404041010101010101010101010101010101010313131313131313131313131313126261010103030303030303030303030131111112626262626
223181097
27141414141427272727272727141427272727272727271414141414090909090909090909131313131313131313131313131313131313131313131313130909090909090909090914131413141309090914141414141427142727272727271427
108182113
1721212121211717202020202018181818181818181818202020202020202020201717212309090914141313131312121212141004040404101010101010101010101010101010103131313131311010101010101010313131312626101030303030303030303030301311111126262626
223182097
14141414141427272727272714141414141427272727272727272727141414141414141414090909090909090909090909090909090909090909090909090914141414141414141413141309090909091414141314141414272727272727142727
108183112
17212121212117172020202020181818181818181818182020202020202020202017172109220909141413131313131212121010040404041010101010101010101010101010103131313110101010101010101010101010103131312610103030303030303030303013111111262626
224183096
141414141427272727272714141414141414141427272727272727272727272727272727141414141414141414141414141414141414141414141414141414141414131413141314090909090909091314131413141414142727272727271427
066184152
2121212121212121212121212121212121212121212121212121212121212121212121212121212121211717212121212117202020202020181818181818181818202020202020202020201717212309091414131313131313121212100404040404101010101010101010101010101031313131101010101010101010101010101010103131312610103030303030303030303013111111
223184097
12141414141427272727272714141413141314141414272727272727272727272727272727272727272727272727142714271427141414141414141413141314131413141314131409090909090909091413141314131414271427272727142727
062185156
212121212132323232323232323232323232323232323232323232323232323232323232323232323232323232321717212121212117172020202020181818181818181818182020202020202020201717172123091414131313131313121212100404040404040410101010101010101010103131313110101010101010101010101010101010101031313126101030303030303030303013111111
223185097
12121414141414272727271414141314131413141414272727272727272727272727141414141414141414141414141414141414141313131313131313131313141314131413141309090909090909091314131413141314142727272727271427
058186160
21212121213232323232323232323232323232323232323232323232323232323232323232323232323232323232323232323217212121212121172020202020201818181818181818182020202020202020202017172109091414131313131313131210100404040404040404041010101010101010313131311010101010101010101010101010101010101010313131261030303030303030303013111111
223186097
12121214141414272727271414141413131314131414142727272727272727272714141414141414141414131313131313131313131313131313131313131313131413141314130909090909090909091413141313131414271427272727142727
054187165
212121212132323232323232323232323232323232323232323232323232323232323232323232323232323232323232323232323232321717212121212117172020202020181818181818181818202020202020202020201717212309141414131313131313121004040404040404040404040410101010101031043110101010101010101010101010101010101010101010313126101030303030303030303013111111
222187098
1212121214141414272727271414141313131313141414142727272727272727271414141414141414131313131313131313131313131313131313131313131313131314131413091309090909090909091314131313141314142727272727271427
050188169
21212121213232323232323232323232323232323232323232323232323232323232323232323232323232323232323232323232323232323232323217212121212117172020202020201818181818181818182020202020202020201717210909091414131313131313121004040404040404040404040404041010103104311010101010101010101010101010101010101010101010103131261030303030303030303013111111
222188098
1210101012141414272727271414131313131313131414141427272727272727141414141414141313131313131313131313131313131313131313131313131313131413141314130909090909090909091413141313131414141427272727142727
049189170
2121323232323232323232323232323232321717171717171717171717171717171717171717171717171717171717171717171717171717171717171717172121212121172020202020201818181818181818182020202020202020201717172109091414131313131313131004040404040404040404040404040404040431101010101010101010101010101010101010101010101010101031261010303030303030303013111111
222189098
1010261010101414272727271414141313131313131314141427272727272727141414141414131313131313131313131313131313131313131313131313131313131314131413091309090909090909141314131313131314142727272727271427
049190171
213232323232323232323232323217171717212121212121212121212121212121212121212121212121212121212121212121212121212121212121212117212121212117172020202020201818181818181818202020202020202020201717212309141414131313131310100404040404040404040404040404040404040410101010101010101010101010101010101010101010101010103131261030303030303030303013111111
221190099
121031262626101010272727271414131313131313131413141427272727272727141414141413131313131313131313131313131313131313131313131313131313131313141314130909090909090909131413131313131414141427272727142727
046191274
13131321173232323232323232171717172121212121212121212121212121212121212121212121212121212121212121332121213321332133213333343334211717212121212117202020202020181818181818181820202020202020203520171721090914141413131313131004040404040404040404040404040404040404041010101010101010101010101010101010101010101010101010313126103030303030303030301311111114101031312626262610101010271414131313131313131314141427272727272714141414141413131313131313131313131313131313131313131313131313131313131314131413091309090909090909141314131313131314142727272727272724
045192275
1330303021321732323217171717212121212121212121212121212121212121212121212121212121212121212121212121212121212121213321333333333423212117212121212117172020202020201818181818181820202020202020203520171721230909141413131313131004040404040404040404040404040404040404101010101010101010101010101010101010101010101010101010103126101030303030303030301313111127103131312626262626262610101014131313131313131313141427272727272714141414141313131313131313131313131313131313131313131313131313131313131313141314130913090909090909131413131313131314141427272727272724
044193276
133030303021173217171721212121212121212121212121212121212121212121212121212121212121212121212121212121212121212133212133213333343334232117172121212121172020202020202018181818202020202020202020203520171721090909141414131313131004040404040404040404040404040404040404101010101010101010101010101010101010101010101010101010103131261030303030303030301313111410103131313126262626262626261010101013131313131314141414272727272714141414141313131313131313131313131313131313131313131313131313131313131314131413091309090909090909141314131313131314142727272727272424
043194277
13303030303021171732212121212121212121212121212121212121212121212121212121212121212121212121212121212121212133212121213321333333333423342121172121212121171720202020202020202020202020202020202020203520201717210909141414131313131004040404040404040404040404040404040404101010101010101010101010101010101010101010101010101010103131261030303030303030301313132710313131313131262626262626262626261010101313131313141414272727272714141414141313131313131313131313131313131313131313131313131313131313131313141314130913090909090909131413131313131314141427272727272424
042195278
1330303030131321171717212121212121212121212121212121212121212121212121212121212121212121212121212121212121212121212133212133213333343334233421171721212121211720202020202020202020202020202020202020203535201717210909141414131313131004041010101010101010101010101010040404101010101010101010101010101010101010101010101010101010103131261030303030303030301313141010313131101010313131262626262626262626101010131314141414272727272714141414141313131313131313131313131313131313131313131313131313131313131314131413141309090909090909141313131313131314142727272727152424
042196278
1330303013303021171717212121212121212121212121212121212121212121212121212121212121212121212121212121212121212121212121212121333333333434342321211721212121211717202020202020202020202020202020202020203535201717172109091414131313131004041027272727272727272727272710040404101010101010101010101010101010101010101010101010101010103131261030303030303030301313271031313131101010101010313126262626262626262610101313141414272727272714141414131313131313131313131313131313131313131313131313131313131313131313141314130913090909090909131413131313131314272727272727362424
042197278
1313301330303021171717212121212121212121212121212121212121212121212121212121212121212121212121212121212121212121213321332133213333333434343423211717212121212117202020202020202020202020202020202020203535352017172109091414141313131004041027141414141414141414142710040404101010101010101010101010101010101010101010101010101010103131261030303030303030301314101031313110101010101010101031313126262626262626101013141414272727272714141414131313131313131313131313131313131313131313131313131313131313131313131413141309130909090909141313131313131314142727272706152424
041198279
121313133030303021171717212121212121212121212121212121212121212121212121212121212121212121212121212121212121212121212121212121333333333434342334212117212121212117172020202020202020202020202020202020353535352017172109091414141313131004041027141414141414141414142710040404101010101010101010101010101010101010101010101010101010103131261030303030303030301327103131313110101010101010101010101031312626262626261010141414272727272714141414131313131313131313131313131313131313131313131313131313131313131313131314130913090909090909131413131313131314272727272715362424
041199279
121313133030303021171717212121212121212121212121212121212121212121212121212121212121212121212121212121212121212121212121213321213333333334343423342117172121212121171720202020202020202020202020202020353535352020172109090914141413131004041027141430303030303030142710100404101010101010101010101010101010101010101010101010101010103126101030303030303030301410103131311010101010101010101010101010103131262626262610101414272727272714141414131313131313131313131313131313131313131313131313131313131313131313131413141309130909090909141313131313131314142727270606152424
041200279
121313133030303021171717212121212121212121212121212121212121212121212121212121212121212121212121212121212121212121212133212121332133333334343434232121171721212121171720202020202020202020202020202020353535353520171721090914141414141004041027141430303030303030142727100404041010101010101010101010101010101010101010101010101010313126103030303030303030302710313131311010101010101010101010101010101010312626262626101014272727272714141414131313131313131313131313131313131313131313131313131313131313131313131314130913090909090909131413131313131314272727270615362424
041201279
121313133030303021171717212121212121212121212121212121212121212121212121212121212121212121212121212121212121212121212121213321213321333333343434343421211721212121211717202020202020202020202020202020353535353520171721090914141414141010041010271414303030303030301427100404041010101010101010101010101010101010101010101010101010313126103030303030303030141010313131101010101010101010101010101010101010103126262626261010272727272714141414131313131313131313131313131313131313131313131313131313131313131313131413141309130909090909141313131313131314142727270606152424
041202279
121313133030303021171717212121212121212121212121212121212121212121212121212121212121212121212121212121212121212121212121212121212133333333333434343434211717212121212117202020202020202020202020202035353535353520171717210909141412121210040410271414303030303030301427101004041010101010101010101010101010101010101010101010101010313110103030303030303030271031313131101010101010101010101010101010101010101031262626262610102727272714141414131313131313131313131313131313131313131313131313131313131313131313131314130913090909090909131413131313131314272727270615362424
041203279
121313133030303021171717212121212121212121212121212121212121212121212121212121212121212121212121212121212121212121212121212133213321333333333334343434212117172121212117172020202020202020202020203535353535353535201717210909141212121210040410271414303030303014141427271004040410101010101010101010101010101010101010101010101031313110303030303030303014101031313110101010101010101010101010101010101010101010312626262626101027272714141414131313131313131313131313131313131313131313131313131313131313131313131413141309130909090909141313131313131314142727060606152424
041204279
121313133030303021171717212121212121212121212121212121212121212121212121212121212121212121212121212121212121212121212121212121212133213321333333343434342121172121212121172020202020202020202020353535353535353535201717211212121212121210040410271414141414141414141414271010040404101010101010101010101010101010101010101010103131311010303030303030303027103131313110101010101010101010101010101010101010101010103126262626261010272714141414131313131313131313131313131313131313131313131313131313131313131313131314130913090909090909131413131313131314272727060615362424
041205279
121313133030303021171717212121212121212121212121212121212121212121212121212121212121212121212121212121212121212121212121212121332121332133213333333434343421171721212121171720202020202020202035353535353535353535201717211212121212121210100410102714141414141414303014272710040404041010101010101010101010101010101010101010313131311030303030303030301410103131311010101010101010101010101010101010101010101010101031262626262610102714141414131313131313131313131313131313131313131313131313131313131313131313131313141309130909090913141313131313131314142727061536242424
041206279
121313133030303021171717212121212121212121212121212121212121212121212121212121212121212121212121212121212121212121212121212121212133213321332133333334343421211717212121211717202020202020353535353535353535353535352017192112121212121212100404102714141414303030303030142710100404040410101010101010101010101010101010101031313131101030303030303030302710313131311010101010101010101010101010101010101010101010101010312626262626101014141414131313131313131313131313131313131313131313131313131313131313131313131314130913090909090914131313131313131314272727060615242425
041207279
121313133030303021171717212121212121212121212121212121212121212121212121212121212121212121212121212121212121212121212121212121212121212121212121212121212121212117212121212117202035353535353535353535353535353535352017192112121212121212100404102714143030303030303030142727101004040404101010101010101010101010101010100431043110103030303030303030141010313131101010101010101010101010101010101010101010101010101010103126262626261010141414131313131313131313131313131313131313131313131313131313131313131313131313141309130909090913141313131313131314142727061536242425
041208279
121313133030303021171717212121212121212121212121212121212121212121212121212121212121212121212121212121212121211717171717171717171717171717171717171717171717171717172121212117172020353535353535353535353535353535352017191921121212121212101004101027141430303030303030301427271010040404041010101010101010101010101010043104311010273030303030303030271031313131101010101010101010101010101010101010101010101010101010101031262626262610101414131313131313131313131313131313131313131313131313131313131313131313131314130913090909090914131313131313131314272727060615242425
041209279
121313133030303021171717212121212121212121212121212121212121212121212121212121212121212121212121212121212121171721212121212121212121212121212121212121212121212121171721212121171720203535353535353535353535353535202017191921121212121221211004041027141430303030303030303014272710100404040404041010101010101010040404040431101027303030303030303014101031313110101010101010101010101010101010101010101010101010101010101010312626262626101014131313131313131313131313131313131313131313131313131313131313131313131313141309090909090913141313131313131314142727061536242425
041210279
121313133030303021171717212121212121212121212121212121212121212121212121212121212121212121212121212121212117172121272727272727272727272727272727272727272727272727271721212121211717202020203535353535353535202020201717191921121212122727271010041010271414303030303030303030142727101010040404040404040404040404040404041010102730303030303030303027103131313110101010101010101010101010101010101010101010101010101010101010103126262626261010131313131313131313131313131313131313131313131313131313131313131313131314130913090909090914131313131313131414272727060615242425
041211279
121313133030303021171717212121212121212121212121212121212121212121212121212121212121212121212121212121211717212127141414141414141414141414141414141414141414141414141717212121212117171717202020202020202020201717171719191921121414141414141410040410271414143030303030303030301427272710101004040404040404040404040410101027273030303030303030301410103131311010101010101010101010101010101010101010101010101010101010101010101031262626262610101313131313131313131313131313131313131313131313131313131313131313131313141309090909090913141313131313131427272706061536242425
041212279
121313133030303021211717172121212121212121212121212121212121212121212121212121212121212121212121212121171721212714131313131313133030303030303030303030303030303030303017172121191921191717171717171717171717171719191919191919213030303030303010100410242714143030303030303030303014142727271010101004040404040410101010272714303030303030303030302710313131311010101010101010101010101010101010101010101010101010101010101010101010312626262626101013131313131313131313131313131313131313131313131313131313131313131314130913090909090914131313131313131414272706060615242425
041213279
121313133030303027212117171721212121212121212121212121212121212121212121212121212121212121212121212117172121271413131313131313131330303030303030303030303030303030303030171721211919191919191919191919191919191919191919191919213030303030303030100424102427141430303030303030303030301414272727271010101010101010272727141430303030303030303030141010313131101010101010101010101010101010101010101010101010101010101010101010101010103126262626261010131313131313131313131313131313131313131313131313131313131313131313141309090909090913141313131313131427272706061536242425
041214279
121313133030303014272121171717212121212121212121212121212121212121212121212121212121212121212121211717212127141313131313131313131313303030303030303030303030303030303030301717212119191919191919191919191919191919191919191917213030303030303030102404241024271414303030303030303030303030141414272727272727272727271414303030303030303030303030271031313131101010101010101010101010101010101010101010101010101010101010101010101010101031262626262610101313131313131313131313131313131313131313131313131313131313131314130909090909090914131313131313131414272706060615242425
041215279
121313133030303013142721211717172121212121212121212121212121212121212121212121212121212121212121171721212714131313131313131313131313133030141414141414141414141414141414141417172121191919191919191919191919191919191919191717141414141414141414141024042410271414143030303030303030303030303030141414141414141414303030303030303030303030303014101031313110101010101010101010101010101010101010101010101010101010101010101010101010101010312626262626101013131313131313131313131313131313131313131313131313131313131313141309090909090913141313131313131427272706061536242425
041216279
121313133030303030131427212117171717171717171717171717171717171717171717171717171717171717171717172121271413131313131313131313131313303014141414141414141414141414141414141414141717171919191919191919191919191919191717171714141414141414141414141410242424242714141430303030303030303030303030303030303030303030303030303030303030303030303027103131041010101010101010101010101010101010101010101010101010101010101010101010101010101010103126262626261010131313131313131313131313131313131313131313131313131313131314130909090909090914131313131313131414272706060615242425
041217279
121313133030303030301314272121171717171717171717171717171717171717171717171717171717171717171717212127141313131313131313131313131330301414272727272727272727272727272727272727272727171717191919191919191917171717171727272727272727272727272727272727242424242427141414303030303030303030303030303030303030303030303030303030303030303030303027100404040410101010101010101010101010101010101010101010101010101010101010101010101010101010101031262626262610101313131313131313131313131313131313131313131313131313131313141309090909090913141313131313131427270606061536242425
041218069
121313133030303030303013142721212121212121212121212121212121212121212121212121212121212121212121212714131313131313131313131313133030141427
133218011
1717171717171717171717
165218155
2424242424272714141430303030303030303030303030303030303030303030303030303030303030303027101004040404101010101010101010101010101010101010101010101010101010101010101010101010101010101010312626262626101013131313131313131313131313131313131313131313131313131314130909090909090914131313131313131414270606060615242425
041219068
1213131330303030303030301314272727272727272727272727272727272727272727272727272727272727272727272714131313131313131313131313133030141427
165219155
2424242424242427141414303030303030303030303030303030303030303030303030303030303030303014271010040404041010101010101010101010101010101010101010101010101010101010101010101010101010101010103126262626261010131313131313131313131313131313131313131313131313131313141309090909090913131313131313131427270606061524242425
041220067
12131313303030303030303030131414141414141414141414141414141414141414141414141414141414141414141414131313131313131313131313133030141427
165220155
1324242424242424271414141430303030303030303030303030303030303030303030303030303030303013142710100404040410101010101010101010101010101010101010101010101010101010101010101010101010101010101031262626262610101313131313131313131313131313131313131313131313131314130909090909090914131313131313131414270606153624242512
042221065
1313133030303030303030303013131313131313131313131313131313131313131313131313131313131313131313131313131313131313131313133030141427
163221157
13131313132424242424242727141414141430303030303030303030303030303030301430303030303030303013131427101004040410101010101010101010101010101010101010101010101010101010101010101010101010101010101010312626262626101013131313131313131313131313131313131313131313131313141309090909090913131313131313131427270606061524242512
042222064
13131430303030303030303030131313131313131313131313131313131313131313131313131313131313131313131313131313131313131313133030141427
160222160
13131313131313131324242424242424272714141414141414303030303030303030301414141414303030303030303013131314271010040404101010101010101010101010101010101010101010101010101010101010101010101010101010101010103126262626261010131313131313131313131313131313131313131313131314130909090909090914131313131313131414270606153624242512
042223063
131414303030303030303030301313131313131313131313131313131313131313131313131313131313131313131313131313131313131313133030141427
159223161
1313131313131313131313242424242424242427272714141414141414141414141414141414141414143030303030303013131313142710040404041010101010101010101010101010101010101010101010101010101010101010101010101010101010101031262626262610101313131313131313131313131313131313131313131313141309090909090913131313131313131427270606061524242512
043224062
2714143030303030303030302727272727272727272727272727272727272727272727272727272727272727272727271313131313131313303014141427
157224163
13131313131313131313131313132424242424242424242427272727141414141414141414142727271414141430303030303013131313142710100404040410101010101010101010101010101010101010101010101010101010101010101010101010101010101010312626262626101013131313131313131313131313131313131313131314130913090909090914131313131313131414270606153624242512
044225060
271414303030303030302714141414141414141414141414141414141414141414141414141414141414141414131427131313131313303014141427
155225165
131313131313131313131313131324242424242424242424242424242424272727272727272727272424242714141414303030303013131313131427101004040404101010101010101010101010101010101010101010101010101010101010101010101010101010101010103126262626261010131313131313131313131313131313131313131313141309090909090913131313131313131427270615151524242512
045226058
27141430303030303027141414141314131313131313131313131313131313131313131313131313131313131413271313131313303014141427
154226166
13131313131313131313132424242425252525252524242424242424242424242424242424242424242424242427141414143030303013131313131314271010040404041010101010101010101010101010101010101010101010101010101010101010101010101010101010101031262626262610101313131313131313131313131313131313131314130913090909090914131313131313131414270606153624242512
046227056
2714143030303030271414141314133030303030303030303030303030303030303030303030303030133013142713131313303014141427
153227167
1313131313131313131313242525252512121212121212122424242424242424242424242424242424242424242424271414141430303013131313131313142710100404040410101010101010101010101010101010101010101010101010101010101010101010101010101010101010312626262626101013131313131313131313131313131313131313141309090909090913131313131313141427270615361524242512
047228054
271414303030302714141414133030303030303030303030303030303030303030303030303030303013141327303030303014141427
152228048
131313131313131313242424251212121212121212121212121212122424242424242424242424242424242424242424
201228119
2714141414303013131313131313131427101004040404101010101010101010101010101010101010101010101010101010101010101010101010101010101010103126262626261010131313131313131313131313131313131314130913090909090914131313131313142727270606153624242512
048229052
27141414141427141414131413303030303030303030303030303030303030303030303030303013301314271414141414141427
150229051
131313131313131313132425252512121212121212121212121212121212121212252424242424242424242424241427272727
202229118
27141414143030131313131313131314271010040404101010101010101010101010101010101010101010101010101010101010101010101010101010101010101031262626262610101313131313131313131313131313131313141309090909090913131313131313141427270615361524242512
049230006
271414142727
091230008
2714141414141427
149230053
1313131313131313132424251212121212121212121212121212121212121212121212121313131313131313131309142727271427
203230117
271414141430301313131313131313142710100404041010101010101010101010101010101010101010101010101010101010101010101010101010101010101010312626262626101013131313131313131313131313131314130913091309090914131313131313142727270606153624242512
050231004
27272727
092231006
272727272727
148231054
131313131313132424242525121212121212121212121212121212121212121212121212121213131313131313131309142727142727
204231116
2714141414303013131313131313131427101004040410101010101010101010101010101010101010101010101010101010101010101010101010101010101010103126262626261010131313131313131313131313131313141309090909090913131313131313141427270615361524242512
147232056
1313131313131324252525121212121212121212121212121212121212121212121212121212121313131313131313130914272727142727
205232115
27141414143030131313131313131314271010040404101010101010101010101010101010101010101010101010101010101010101010101010101010101010101031262626262610101313131313131313131313131314130913091309090913131313131313142727270606153624242512
145233058
13131313131309242425121212121212121212121212121212121212121212121212121212121212121313131313131313130914142727271427
206233114
271414141430301313131313131313142710040404041010101010101010101010101010101010101010101010101010101010101010101010101010101010101010312626262626101013131313131313131313131313141309130909090913131313131313141427270615362424242512
144234060
131313131313092425251212121212121212121212121212121212121212121212121212121212121212131313131313131313091414272727271427
207234113
2714141414303013131313131313142710100404040410101010101010101010101010101010101010101010101010101010101010101010101010101010101010103126262626261010131313131313131313131314130913091309090913131313131313142727271536152424251212
143235061
13131313131309242527272712121212121212121212121212121212121212121212121212121212121212131313131313131313091414142727142727
208235112
27141414143030131313131313131427101004040404101010101010101010101010101010101010101010101010101010101010101010101010101010101010101031262626262610101313131313131313131313141309130913090913131313131313141427270615362424251212
142236063
131313131313092425272727271212121212121212121212121212121212121212121212121212121212121213131313131313131309141414272727142727
209236111
271414141430301313131313131314271010040404041010101010101010101010101010101010101010101010101010101010101010101010101010101010101010312626262626101013131313131313131314130913091309090913131313131313142727271536242424251212
141237064
13131313131309242527272727272712121212121212121212121212121212121212121212121212121212120913131313131313130914141414142727271427
210237110
2714141414303013131313131313142710100404041010101010101010101010101010101010101010101010101010101010101010101010101010101010101010103126262626261010131313131313131313141309130913090913131313131313141427153615242425121212
140238066
131313131313092425272727272727271212121212121212121212121212121212121212121212121212121212091313131313131313091414141414272727271427
211238109
27141414143030131313131313131427101004040410101010101010101010101010101010101010101010101010101010101010101010101010101010101010101031262626262610101313131313131314130913091309130913131313131313142727061536242425121212
139239067
13131313131309242527272727272727272712121212121212121212121212121212121212121212121212121212091313131313131309091414141414142727142727
212239108
271414141430301313131313131314271010040404101010101010101010101010101010101010101010101010101010101010101010101010101010101010101010312626262626101013131313131313141309130913090913131313131313141427153624242425121212
